!! tower beam input for NREL 15 MW reference wind turbine (based on HAWC2 input files)
!! 
!! number of beams (1), number of cross-section properties (2)
1 5
!! 
!! 
!! beam tower: number of nodes (1), number of elements (2)
6 5
!! 
!! 
!! beam tower: nodal phi (1, 2, 3), nodal d1 (4, 5, 6), nodal d2 (7, 8, 9), nodal d3 (10, 11, 12)
0.000000 0.000000 0.000000 1.000000 0.000000 0.000000 0.000000 1.000000 0.000000 0.000000 0.000000 1.000000
0.000000 0.000000 2.000000 1.000000 0.000000 0.000000 0.000000 1.000000 0.000000 0.000000 0.000000 1.000000
0.000000 0.000000 4.000000 1.000000 0.000000 0.000000 0.000000 1.000000 0.000000 0.000000 0.000000 1.000000
0.000000 0.000000 6.000000 1.000000 0.000000 0.000000 0.000000 1.000000 0.000000 0.000000 0.000000 1.000000
0.000000 0.000000 8.000000 1.000000 0.000000 0.000000 0.000000 1.000000 0.000000 0.000000 0.000000 1.000000
0.000000 0.000000 10.000000 1.000000 0.000000 0.000000 0.000000 1.000000 0.000000 0.000000 0.000000 1.000000
!! 
!! 
!! beam tower: connectivities (1, 2), cross-section property (3)
1 2 1
2 3 2
3 4 3
4 5 4
5 6 5
!! 
!! 
!!cross-section property #1 (tower element 1)
5.969 5.969 5.969 0.000 0.000 0.000
2.701 2.701 5.402 0.000 0.000 0.000
0.000 0.000 0.000 0.000 0.000 0.000
0.000 0.000 0.000 0.000 0.000 0.000
1.194 0.540 0.540 0.000 0.000 0.000
0.000 0.000
!! 
!! 
!!cross-section property #2 (tower element 2)
5.969 5.969 5.969 0.000 0.000 0.000
2.701 2.701 5.402 0.000 0.000 0.000
0.000 0.000 0.000 0.000 0.000 0.000
0.000 0.000 0.000 0.000 0.000 0.000
1.194 0.540 0.540 0.000 0.000 0.000
0.000 0.000
!! 
!! 
!!cross-section property #3 (tower element 3)
5.969 5.969 5.969 0.000 0.000 0.000
2.701 2.701 5.402 0.000 0.000 0.000
0.000 0.000 0.000 0.000 0.000 0.000
0.000 0.000 0.000 0.000 0.000 0.000
1.194 0.540 0.540 0.000 0.000 0.000
0.000 0.000
!! 
!! 
!!cross-section property #4 (tower element 4)
5.969 5.969 5.969 0.000 0.000 0.000
2.701 2.701 5.402 0.000 0.000 0.000
0.000 0.000 0.000 0.000 0.000 0.000
0.000 0.000 0.000 0.000 0.000 0.000
1.194 0.540 0.540 0.000 0.000 0.000
0.000 0.000
!! 
!! 
!!cross-section property #5 (tower element 5)
5.969 5.969 5.969 0.000 0.000 0.000
2.701 2.701 5.402 0.000 0.000 0.000
0.000 0.000 0.000 0.000 0.000 0.000
0.000 0.000 0.000 0.000 0.000 0.000
1.194 0.540 0.540 0.000 0.000 0.000
0.000 0.000
