!!
!!
!!number of beams (1), number of cross-section properties (2), flag for property input type (3):
5	80	1
!!
!!
!! beam monopile: number of nodes (1), number of elements (2):
21	20
!!
!!
!! beam monopile: nodal phi (1, 2, 3), nodal d1 (4, 5, 6), nodal d2 (7, 8, 9), nodal d3 (10, 11, 12):
   0.000000000000000d0	   0.000000000000000d0	 -30.000000000000000d0	   1.000000000000000d0	   0.000000000000000d0	   0.000000000000000d0	   0.000000000000000d0	   1.000000000000000d0	   0.000000000000000d0	   0.000000000000000d0	   0.000000000000000d0	   1.000000000000000d0	
   0.000000000000000d0	   0.000000000000000d0	 -27.749774977497751d0	   1.000000000000000d0	   0.000000000000000d0	   0.000000000000000d0	   0.000000000000000d0	   1.000000000000000d0	   0.000000000000000d0	   0.000000000000000d0	   0.000000000000000d0	   1.000000000000000d0	
   0.000000000000000d0	   0.000000000000000d0	 -25.499549954995501d0	   1.000000000000000d0	   0.000000000000000d0	   0.000000000000000d0	   0.000000000000000d0	   1.000000000000000d0	   0.000000000000000d0	   0.000000000000000d0	   0.000000000000000d0	   1.000000000000000d0	
   0.000000000000000d0	   0.000000000000000d0	 -23.249324932493248d0	   1.000000000000000d0	   0.000000000000000d0	   0.000000000000000d0	   0.000000000000000d0	   1.000000000000000d0	   0.000000000000000d0	   0.000000000000000d0	   0.000000000000000d0	   1.000000000000000d0	
   0.000000000000000d0	   0.000000000000000d0	 -20.999099909990999d0	   1.000000000000000d0	   0.000000000000000d0	   0.000000000000000d0	   0.000000000000000d0	   1.000000000000000d0	   0.000000000000000d0	   0.000000000000000d0	   0.000000000000000d0	   1.000000000000000d0	
   0.000000000000000d0	   0.000000000000000d0	 -18.748874887488750d0	   1.000000000000000d0	   0.000000000000000d0	   0.000000000000000d0	   0.000000000000000d0	   1.000000000000000d0	   0.000000000000000d0	   0.000000000000000d0	   0.000000000000000d0	   1.000000000000000d0	
   0.000000000000000d0	   0.000000000000000d0	 -16.498649864986497d0	   1.000000000000000d0	   0.000000000000000d0	   0.000000000000000d0	   0.000000000000000d0	   1.000000000000000d0	   0.000000000000000d0	   0.000000000000000d0	   0.000000000000000d0	   1.000000000000000d0	
   0.000000000000000d0	   0.000000000000000d0	 -14.248424842484248d0	   1.000000000000000d0	   0.000000000000000d0	   0.000000000000000d0	   0.000000000000000d0	   1.000000000000000d0	   0.000000000000000d0	   0.000000000000000d0	   0.000000000000000d0	   1.000000000000000d0	
   0.000000000000000d0	   0.000000000000000d0	 -11.998199819981998d0	   1.000000000000000d0	   0.000000000000000d0	   0.000000000000000d0	   0.000000000000000d0	   1.000000000000000d0	   0.000000000000000d0	   0.000000000000000d0	   0.000000000000000d0	   1.000000000000000d0	
   0.000000000000000d0	   0.000000000000000d0	  -9.748088169140800d0	   1.000000000000000d0	   0.000000000000000d0	   0.000000000000000d0	   0.000000000000000d0	   1.000000000000000d0	   0.000000000000000d0	   0.000000000000000d0	   0.000000000000000d0	   1.000000000000000d0	
   0.000000000000000d0	   0.000000000000000d0	  -7.498875393612236d0	   1.000000000000000d0	   0.000000000000000d0	   0.000000000000000d0	   0.000000000000000d0	   1.000000000000000d0	   0.000000000000000d0	   0.000000000000000d0	   0.000000000000000d0	   1.000000000000000d0	
   0.000000000000000d0	   0.000000000000000d0	  -5.249662618083669d0	   1.000000000000000d0	   0.000000000000000d0	   0.000000000000000d0	   0.000000000000000d0	   1.000000000000000d0	   0.000000000000000d0	   0.000000000000000d0	   0.000000000000000d0	   1.000000000000000d0	
   0.000000000000000d0	   0.000000000000000d0	  -3.000449842555106d0	   1.000000000000000d0	   0.000000000000000d0	   0.000000000000000d0	   0.000000000000000d0	   1.000000000000000d0	   0.000000000000000d0	   0.000000000000000d0	   0.000000000000000d0	   1.000000000000000d0	
   0.000000000000000d0	   0.000000000000000d0	  -0.751237067026544d0	   1.000000000000000d0	   0.000000000000000d0	   0.000000000000000d0	   0.000000000000000d0	   1.000000000000000d0	   0.000000000000000d0	   0.000000000000000d0	   0.000000000000000d0	   1.000000000000000d0	
   0.000000000000000d0	   0.000000000000000d0	   1.498649864986498d0	   1.000000000000000d0	   0.000000000000000d0	   0.000000000000000d0	   0.000000000000000d0	   1.000000000000000d0	   0.000000000000000d0	   0.000000000000000d0	   0.000000000000000d0	   1.000000000000000d0	
   0.000000000000000d0	   0.000000000000000d0	   3.748874887488750d0	   1.000000000000000d0	   0.000000000000000d0	   0.000000000000000d0	   0.000000000000000d0	   1.000000000000000d0	   0.000000000000000d0	   0.000000000000000d0	   0.000000000000000d0	   1.000000000000000d0	
   0.000000000000000d0	   0.000000000000000d0	   5.999099909991002d0	   1.000000000000000d0	   0.000000000000000d0	   0.000000000000000d0	   0.000000000000000d0	   1.000000000000000d0	   0.000000000000000d0	   0.000000000000000d0	   0.000000000000000d0	   1.000000000000000d0	
   0.000000000000000d0	   0.000000000000000d0	   8.249324932493248d0	   1.000000000000000d0	   0.000000000000000d0	   0.000000000000000d0	   0.000000000000000d0	   1.000000000000000d0	   0.000000000000000d0	   0.000000000000000d0	   0.000000000000000d0	   1.000000000000000d0	
   0.000000000000000d0	   0.000000000000000d0	  10.499549954995500d0	   1.000000000000000d0	   0.000000000000000d0	   0.000000000000000d0	   0.000000000000000d0	   1.000000000000000d0	   0.000000000000000d0	   0.000000000000000d0	   0.000000000000000d0	   1.000000000000000d0	
   0.000000000000000d0	   0.000000000000000d0	  12.749774977497747d0	   1.000000000000000d0	   0.000000000000000d0	   0.000000000000000d0	   0.000000000000000d0	   1.000000000000000d0	   0.000000000000000d0	   0.000000000000000d0	   0.000000000000000d0	   1.000000000000000d0	
   0.000000000000000d0	   0.000000000000000d0	  15.000000000000000d0	   1.000000000000000d0	   0.000000000000000d0	   0.000000000000000d0	   0.000000000000000d0	   1.000000000000000d0	   0.000000000000000d0	   0.000000000000000d0	   0.000000000000000d0	   1.000000000000000d0	
!!
!!
!! beam monopile: connectivities (1, 2), cross-section property (3):
1	2	1
2	3	2
3	4	3
4	5	4
5	6	5
6	7	6
7	8	7
8	9	8
9	10	9
10	11	10
11	12	11
12	13	12
13	14	13
14	15	14
15	16	15
16	17	16
17	18	17
18	19	18
19	20	19
20	21	20
!!
!!
!! beam tower: number of nodes (1), number of elements (2):
31	30
!!
!!
!! beam tower: nodal phi (1, 2, 3), nodal d1 (4, 5, 6), nodal d2 (7, 8, 9), nodal d3 (10, 11, 12):
   0.000000000000000d0	   0.000000000000000d0	  15.000000000000000d0	   1.000000000000000d0	   0.000000000000000d0	   0.000000000000000d0	   0.000000000000000d0	   1.000000000000000d0	   0.000000000000000d0	   0.000000000000000d0	   0.000000000000000d0	   1.000000000000000d0	
   0.000000000000000d0	   0.000000000000000d0	  19.312866666666665d0	   1.000000000000000d0	   0.000000000000000d0	   0.000000000000000d0	   0.000000000000000d0	   1.000000000000000d0	   0.000000000000000d0	   0.000000000000000d0	   0.000000000000000d0	   1.000000000000000d0	
   0.000000000000000d0	   0.000000000000000d0	  23.625733333333333d0	   1.000000000000000d0	   0.000000000000000d0	   0.000000000000000d0	   0.000000000000000d0	   1.000000000000000d0	   0.000000000000000d0	   0.000000000000000d0	   0.000000000000000d0	   1.000000000000000d0	
   0.000000000000000d0	   0.000000000000000d0	  27.938600000000001d0	   1.000000000000000d0	   0.000000000000000d0	   0.000000000000000d0	   0.000000000000000d0	   1.000000000000000d0	   0.000000000000000d0	   0.000000000000000d0	   0.000000000000000d0	   1.000000000000000d0	
   0.000000000000000d0	   0.000000000000000d0	  32.251466666666666d0	   1.000000000000000d0	   0.000000000000000d0	   0.000000000000000d0	   0.000000000000000d0	   1.000000000000000d0	   0.000000000000000d0	   0.000000000000000d0	   0.000000000000000d0	   1.000000000000000d0	
   0.000000000000000d0	   0.000000000000000d0	  36.564333333333330d0	   1.000000000000000d0	   0.000000000000000d0	   0.000000000000000d0	   0.000000000000000d0	   1.000000000000000d0	   0.000000000000000d0	   0.000000000000000d0	   0.000000000000000d0	   1.000000000000000d0	
   0.000000000000000d0	   0.000000000000000d0	  40.877200000000002d0	   1.000000000000000d0	   0.000000000000000d0	   0.000000000000000d0	   0.000000000000000d0	   1.000000000000000d0	   0.000000000000000d0	   0.000000000000000d0	   0.000000000000000d0	   1.000000000000000d0	
   0.000000000000000d0	   0.000000000000000d0	  45.190066666666667d0	   1.000000000000000d0	   0.000000000000000d0	   0.000000000000000d0	   0.000000000000000d0	   1.000000000000000d0	   0.000000000000000d0	   0.000000000000000d0	   0.000000000000000d0	   1.000000000000000d0	
   0.000000000000000d0	   0.000000000000000d0	  49.502933333333331d0	   1.000000000000000d0	   0.000000000000000d0	   0.000000000000000d0	   0.000000000000000d0	   1.000000000000000d0	   0.000000000000000d0	   0.000000000000000d0	   0.000000000000000d0	   1.000000000000000d0	
   0.000000000000000d0	   0.000000000000000d0	  53.815799999999996d0	   1.000000000000000d0	   0.000000000000000d0	   0.000000000000000d0	   0.000000000000000d0	   1.000000000000000d0	   0.000000000000000d0	   0.000000000000000d0	   0.000000000000000d0	   1.000000000000000d0	
   0.000000000000000d0	   0.000000000000000d0	  58.128666666666660d0	   1.000000000000000d0	   0.000000000000000d0	   0.000000000000000d0	   0.000000000000000d0	   1.000000000000000d0	   0.000000000000000d0	   0.000000000000000d0	   0.000000000000000d0	   1.000000000000000d0	
   0.000000000000000d0	   0.000000000000000d0	  62.441533333333332d0	   1.000000000000000d0	   0.000000000000000d0	   0.000000000000000d0	   0.000000000000000d0	   1.000000000000000d0	   0.000000000000000d0	   0.000000000000000d0	   0.000000000000000d0	   1.000000000000000d0	
   0.000000000000000d0	   0.000000000000000d0	  66.754400000000004d0	   1.000000000000000d0	   0.000000000000000d0	   0.000000000000000d0	   0.000000000000000d0	   1.000000000000000d0	   0.000000000000000d0	   0.000000000000000d0	   0.000000000000000d0	   1.000000000000000d0	
   0.000000000000000d0	   0.000000000000000d0	  71.067266666666669d0	   1.000000000000000d0	   0.000000000000000d0	   0.000000000000000d0	   0.000000000000000d0	   1.000000000000000d0	   0.000000000000000d0	   0.000000000000000d0	   0.000000000000000d0	   1.000000000000000d0	
   0.000000000000000d0	   0.000000000000000d0	  75.380133333333333d0	   1.000000000000000d0	   0.000000000000000d0	   0.000000000000000d0	   0.000000000000000d0	   1.000000000000000d0	   0.000000000000000d0	   0.000000000000000d0	   0.000000000000000d0	   1.000000000000000d0	
   0.000000000000000d0	   0.000000000000000d0	  79.692999999999998d0	   1.000000000000000d0	   0.000000000000000d0	   0.000000000000000d0	   0.000000000000000d0	   1.000000000000000d0	   0.000000000000000d0	   0.000000000000000d0	   0.000000000000000d0	   1.000000000000000d0	
   0.000000000000000d0	   0.000000000000000d0	  84.005866666666662d0	   1.000000000000000d0	   0.000000000000000d0	   0.000000000000000d0	   0.000000000000000d0	   1.000000000000000d0	   0.000000000000000d0	   0.000000000000000d0	   0.000000000000000d0	   1.000000000000000d0	
   0.000000000000000d0	   0.000000000000000d0	  88.318733333333327d0	   1.000000000000000d0	   0.000000000000000d0	   0.000000000000000d0	   0.000000000000000d0	   1.000000000000000d0	   0.000000000000000d0	   0.000000000000000d0	   0.000000000000000d0	   1.000000000000000d0	
   0.000000000000000d0	   0.000000000000000d0	  92.631599999999992d0	   1.000000000000000d0	   0.000000000000000d0	   0.000000000000000d0	   0.000000000000000d0	   1.000000000000000d0	   0.000000000000000d0	   0.000000000000000d0	   0.000000000000000d0	   1.000000000000000d0	
   0.000000000000000d0	   0.000000000000000d0	  96.944466666666656d0	   1.000000000000000d0	   0.000000000000000d0	   0.000000000000000d0	   0.000000000000000d0	   1.000000000000000d0	   0.000000000000000d0	   0.000000000000000d0	   0.000000000000000d0	   1.000000000000000d0	
   0.000000000000000d0	   0.000000000000000d0	 101.257333333333349d0	   1.000000000000000d0	   0.000000000000000d0	   0.000000000000000d0	   0.000000000000000d0	   1.000000000000000d0	   0.000000000000000d0	   0.000000000000000d0	   0.000000000000000d0	   1.000000000000000d0	
   0.000000000000000d0	   0.000000000000000d0	 105.570200000000000d0	   1.000000000000000d0	   0.000000000000000d0	   0.000000000000000d0	   0.000000000000000d0	   1.000000000000000d0	   0.000000000000000d0	   0.000000000000000d0	   0.000000000000000d0	   1.000000000000000d0	
   0.000000000000000d0	   0.000000000000000d0	 109.883066666666679d0	   1.000000000000000d0	   0.000000000000000d0	   0.000000000000000d0	   0.000000000000000d0	   1.000000000000000d0	   0.000000000000000d0	   0.000000000000000d0	   0.000000000000000d0	   1.000000000000000d0	
   0.000000000000000d0	   0.000000000000000d0	 114.195933333333329d0	   1.000000000000000d0	   0.000000000000000d0	   0.000000000000000d0	   0.000000000000000d0	   1.000000000000000d0	   0.000000000000000d0	   0.000000000000000d0	   0.000000000000000d0	   1.000000000000000d0	
   0.000000000000000d0	   0.000000000000000d0	 118.508800000000008d0	   1.000000000000000d0	   0.000000000000000d0	   0.000000000000000d0	   0.000000000000000d0	   1.000000000000000d0	   0.000000000000000d0	   0.000000000000000d0	   0.000000000000000d0	   1.000000000000000d0	
   0.000000000000000d0	   0.000000000000000d0	 122.821666666666673d0	   1.000000000000000d0	   0.000000000000000d0	   0.000000000000000d0	   0.000000000000000d0	   1.000000000000000d0	   0.000000000000000d0	   0.000000000000000d0	   0.000000000000000d0	   1.000000000000000d0	
   0.000000000000000d0	   0.000000000000000d0	 127.134533333333337d0	   1.000000000000000d0	   0.000000000000000d0	   0.000000000000000d0	   0.000000000000000d0	   1.000000000000000d0	   0.000000000000000d0	   0.000000000000000d0	   0.000000000000000d0	   1.000000000000000d0	
   0.000000000000000d0	   0.000000000000000d0	 131.447400000000016d0	   1.000000000000000d0	   0.000000000000000d0	   0.000000000000000d0	   0.000000000000000d0	   1.000000000000000d0	   0.000000000000000d0	   0.000000000000000d0	   0.000000000000000d0	   1.000000000000000d0	
   0.000000000000000d0	   0.000000000000000d0	 135.760266666666666d0	   1.000000000000000d0	   0.000000000000000d0	   0.000000000000000d0	   0.000000000000000d0	   1.000000000000000d0	   0.000000000000000d0	   0.000000000000000d0	   0.000000000000000d0	   1.000000000000000d0	
   0.000000000000000d0	   0.000000000000000d0	 140.073133333333317d0	   1.000000000000000d0	   0.000000000000000d0	   0.000000000000000d0	   0.000000000000000d0	   1.000000000000000d0	   0.000000000000000d0	   0.000000000000000d0	   0.000000000000000d0	   1.000000000000000d0	
   0.000000000000000d0	   0.000000000000000d0	 144.385999999999996d0	   1.000000000000000d0	   0.000000000000000d0	   0.000000000000000d0	   0.000000000000000d0	   1.000000000000000d0	   0.000000000000000d0	   0.000000000000000d0	   0.000000000000000d0	   1.000000000000000d0	
!!
!!
!! beam tower: connectivities (1, 2), cross-section property (3):
1	2	21
2	3	22
3	4	23
4	5	24
5	6	25
6	7	26
7	8	27
8	9	28
9	10	29
10	11	30
11	12	31
12	13	32
13	14	33
14	15	34
15	16	35
16	17	36
17	18	37
18	19	38
19	20	39
20	21	40
21	22	41
22	23	42
23	24	43
24	25	44
25	26	45
26	27	46
27	28	47
28	29	48
29	30	49
30	31	50
!!
!!
!! beam blade 1: number of nodes (1), number of elements (2):
31	30
!!
!!
!! beam blade 1: nodal phi (1, 2, 3), nodal d1 (4, 5, 6), nodal d2 (7, 8, 9), nodal d3 (10, 11, 12):
 -11.550413280571721d0	   0.000000000000000d0	 153.941324638972219d0	   0.957011402028567d0	  -0.268828253711384d0	  -0.108906135703205d0	   0.267104313787026d0	   0.963188128044822d0	  -0.030395979172810d0	   0.113068394981441d0	   0.000000000000000d0	   0.993587207071589d0	
 -11.109430266972202d0	   0.000000000000000d0	 157.816457746860408d0	   0.957196678851653d0	  -0.266829652737920d0	  -0.112144792189055d0	   0.265016990580175d0	   0.963743708887254d0	  -0.031049287980019d0	   0.116363708686151d0	   0.000000000000000d0	   0.993206668977210d0	
 -10.655579624437882d0	   0.000000000000000d0	 161.690238412449730d0	   0.960201507581328d0	  -0.254847158185031d0	  -0.114306565006386d0	   0.253060336875517d0	   0.966981347268402d0	  -0.030125403490006d0	   0.118209689700079d0	   0.000000000000000d0	   0.992988655152218d0	
 -10.194518142858060d0	   0.000000000000000d0	 165.563261188315522d0	   0.965689840977263d0	  -0.233161478269805d0	  -0.114362826496846d0	   0.231543464555587d0	   0.972438031470920d0	  -0.027420776257366d0	   0.117604230599566d0	   0.000000000000000d0	   0.993060544450883d0	
  -9.735821940786089d0	   0.000000000000000d0	 169.436532565075197d0	   0.972109954841285d0	  -0.205760935767857d0	  -0.112537429375346d0	   0.204395857755731d0	   0.978602287608166d0	  -0.023662122059591d0	   0.114998126205521d0	   0.000000000000000d0	   0.993365708573242d0	
  -9.287304366935363d0	   0.000000000000000d0	 173.310873758770100d0	   0.978201414119534d0	  -0.177253306659622d0	  -0.108181600527875d0	   0.176179186277154d0	   0.984165263194261d0	  -0.019484071558324d0	   0.109922189467236d0	   0.000000000000000d0	   0.993940195516173d0	
  -8.858601519509907d0	   0.000000000000000d0	 177.187297564132962d0	   0.982949554191880d0	  -0.151640669462774d0	  -0.103996544552527d0	   0.150799015458378d0	   0.988435687015033d0	  -0.015954609738324d0	   0.105213263663750d0	   0.000000000000000d0	   0.994449681557203d0	
  -8.448269693938498d0	   0.000000000000000d0	 181.065652241698814d0	   0.985954755215202d0	  -0.131478552159315d0	  -0.102988402214133d0	   0.130767090809917d0	   0.991319015414357d0	  -0.013659342554476d0	   0.103890272064567d0	   0.000000000000000d0	   0.994588764952807d0	
  -8.043097549469937d0	   0.000000000000000d0	 184.944549223601200d0	   0.988241420475223d0	  -0.113384487137714d0	  -0.102580957948494d0	   0.112778534484792d0	   0.993551185433603d0	  -0.011706582889339d0	   0.103246777269752d0	   0.000000000000000d0	   0.994655771100440d0	
  -7.640434783778612d0	   0.000000000000000d0	 188.823709951840982d0	   0.990088126693852d0	  -0.096235966415728d0	  -0.102294379845081d0	   0.095726397201708d0	   0.995358547844961d0	  -0.009890303875516d0	   0.102771388327130d0	   0.000000000000000d0	   0.994705002370710d0	
  -7.239625743872259d0	   0.000000000000000d0	 192.703065514511763d0	   0.991538635260526d0	  -0.080716542861809d0	  -0.101665994777655d0	   0.080295567433345d0	   0.996737096584871d0	  -0.008232991079756d0	   0.101998807033761d0	   0.000000000000000d0	   0.994784521071619d0	
  -6.841829109939840d0	   0.000000000000000d0	 196.582737693808724d0	   0.993021663163451d0	  -0.067352596347908d0	  -0.096807046506384d0	   0.067034807491666d0	   0.997729235697339d0	  -0.006535045474940d0	   0.097027372801212d0	   0.000000000000000d0	   0.995281713349188d0	
  -6.463411600692919d0	   0.000000000000000d0	 200.464446701185921d0	   0.994429866602522d0	  -0.056244695225694d0	  -0.089139074865390d0	   0.056020083767088d0	   0.998417014207475d0	  -0.005021549139427d0	   0.089280404477531d0	   0.000000000000000d0	   0.996006530789998d0	
  -6.115177156623242d0	   0.000000000000000d0	 204.349328076546527d0	   0.995546267706913d0	  -0.046384429780216d0	  -0.082073829743705d0	   0.046227602422324d0	   0.998923663086406d0	  -0.003811049766058d0	   0.082162264021690d0	   0.000000000000000d0	   0.996618965488230d0	
  -5.794663454188592d0	   0.000000000000000d0	 208.237123019257666d0	   0.996258990565175d0	  -0.037546526758888d0	  -0.077834966733479d0	   0.037432459202431d0	   0.999294880567465d0	  -0.002924494779308d0	   0.077889888407702d0	   0.000000000000000d0	   0.996961967822161d0	
  -5.490784166308527d0	   0.000000000000000d0	 212.126666309389663d0	   0.996720464752376d0	  -0.029554416454906d0	  -0.075331610973205d0	   0.029470365160780d0	   0.999563172825015d0	  -0.002227354771984d0	   0.075364532249195d0	   0.000000000000000d0	   0.997156049612527d0	
  -5.196736421441452d0	   0.000000000000000d0	 216.017242936331542d0	   0.997463769212375d0	  -0.022176120390050d0	  -0.067633192983083d0	   0.022125317697663d0	   0.999754079603802d0	  -0.001500210762350d0	   0.067649829456216d0	   0.000000000000000d0	   0.997709126235971d0	
  -4.932721210787894d0	   0.000000000000000d0	 219.910976109815010d0	   0.998178554369293d0	  -0.015620208971781d0	  -0.058271628335797d0	   0.015593660082254d0	   0.999877997093484d0	  -0.000910326074125d0	   0.058278738511563d0	   0.000000000000000d0	   0.998300349913542d0	
  -4.705189156641421d0	   0.000000000000000d0	 223.808543817563219d0	   0.998612062023131d0	  -0.009716968950736d0	  -0.051764177732488d0	   0.009703940531862d0	   0.999952789142773d0	  -0.000503014655505d0	   0.051766621679361d0	   0.000000000000000d0	   0.998659209580478d0	
  -4.503016196007695d0	   0.000000000000000d0	 227.708776873442105d0	   0.998846901529221d0	  -0.004066445783979d0	  -0.047836506186802d0	   0.004061790354549d0	   0.999991731975163d0	  -0.000194526167214d0	   0.047836901703766d0	   0.000000000000000d0	   0.998855160088481d0	
  -4.316150237605449d0	   0.000000000000000d0	 231.610618760084776d0	   0.998936121187395d0	   0.001780110167228d0	  -0.046080983006819d0	  -0.001778219163141d0	   0.999998415602641d0	   0.000082029356371d0	   0.046081056017728d0	   0.000000000000000d0	   0.998937703901645d0	
  -4.136124871672593d0	   0.000000000000000d0	 235.513179621967708d0	   0.999104971864277d0	   0.008535812434491d0	  -0.041429399008019d0	  -0.008528483340908d0	   0.999963569289443d0	   0.000353646462837d0	   0.041430908365661d0	   0.000000000000000d0	   0.999141371294371d0	
  -3.974220306121043d0	   0.000000000000000d0	 239.417645056717106d0	   0.999218330026138d0	   0.017069059123320d0	  -0.035656362131048d0	  -0.017058201910616d0	   0.999854312997971d0	   0.000608709234402d0	   0.035661557556681d0	   0.000000000000000d0	   0.999363924360206d0	
  -3.834808005449393d0	   0.000000000000000d0	 243.324474523766099d0	   0.999163147340346d0	   0.026039060371101d0	  -0.031543182019621d0	  -0.026026094281330d0	   0.999660926181968d0	   0.000821633415328d0	   0.031553881114790d0	   0.000000000000000d0	   0.999502052317349d0	
  -3.711417794636292d0	   0.000000000000000d0	 247.232987980317034d0	   0.999038491962679d0	   0.033586741691900d0	  -0.028178402358144d0	  -0.033573389666970d0	   0.999435806233958d0	   0.000946954987439d0	   0.028194309412014d0	   0.000000000000000d0	   0.999602461439936d0	
  -3.601137267671419d0	   0.000000000000000d0	 251.142879320163388d0	   0.998994410071381d0	   0.037533856888057d0	  -0.024523014358748d0	  -0.037522553241618d0	   0.999295356532345d0	   0.000921092353161d0	   0.024540306525749d0	   0.000000000000000d0	   0.999698841329539d0	
  -3.505121626486984d0	   0.000000000000000d0	 255.054269959920873d0	   0.999086971737860d0	   0.037799310979071d0	  -0.019910675357205d0	  -0.037791807028941d0	   0.999285350682930d0	   0.000753148046414d0	   0.019924914684220d0	   0.000000000000000d0	   0.999801479182156d0	
  -3.427134264882884d0	   0.000000000000000d0	 258.967555448216785d0	   0.999219226374813d0	   0.036547063254952d0	  -0.015008324701881d0	  -0.036542941407792d0	   0.999331932926912d0	   0.000548876878847d0	   0.015018357972674d0	   0.000000000000000d0	   0.999887218102024d0	
  -3.368326235646776d0	   0.000000000000000d0	 262.882856765574161d0	   0.999376556003054d0	   0.033664284687380d0	  -0.010640265408436d0	  -0.033662376816049d0	   0.999433197335613d0	   0.000358400066016d0	   0.010646299759824d0	   0.000000000000000d0	   0.999943326544772d0	
  -3.326621262779824d0	   0.000000000000000d0	 266.799955686591943d0	   0.999562423277855d0	   0.028707632519989d0	  -0.007129783026079d0	  -0.028706902249761d0	   0.999587850984143d0	   0.000204763584213d0	   0.007132722771042d0	   0.000000000000000d0	   0.999974561809385d0	
  -3.298670659729360d0	   0.000000000000000d0	 270.718500250130830d0	   0.999739484362313d0	   0.021682056870236d0	  -0.007131045985835d0	  -0.021681505317940d0	   0.999764916572829d0	   0.000154652100797d0	   0.007132722771042d0	   0.000000000000000d0	   0.999974561809385d0	
!!
!!
!! beam blade 1: connectivities (1, 2), cross-section property (3):
1	2	51
2	3	52
3	4	53
4	5	54
5	6	55
6	7	56
7	8	57
8	9	58
9	10	59
10	11	60
11	12	61
12	13	62
13	14	63
14	15	64
15	16	65
16	17	66
17	18	67
18	19	68
19	20	69
20	21	70
21	22	71
22	23	72
23	24	73
24	25	74
25	26	75
26	27	76
27	28	77
28	29	78
29	30	79
30	31	80
!!
!!
!! beam blade 2: number of nodes (1), number of elements (2):
31	30
!!
!!
!! beam blade 2: nodal phi (1, 2, 3), nodal d1 (4, 5, 6), nodal d2 (7, 8, 9), nodal d3 (10, 11, 12):
 -12.172880279330599d0	  -3.438120853024222d0	 148.018946752054148d0	   0.933973308968560d0	   0.141580145263141d0	  -0.328098949406405d0	   0.354658356270252d0	  -0.479594010078173d0	   0.802625090453083d0	  -0.043718513950063d0	  -0.865993445682128d0	  -0.498140586153742d0	
 -12.343388775846851d0	  -6.815619927783533d0	 146.076126772037952d0	   0.934841487107087d0	   0.143353466749593d0	  -0.324840233890882d0	   0.352757409301951d0	  -0.479120164407161d0	   0.803745033105046d0	  -0.040417869389473d0	  -0.865964001347243d0	  -0.498470404542424d0	
 -12.501029643428303d0	 -10.193119002542844d0	 144.131954349722861d0	   0.939218869167001d0	   0.138952103784391d0	  -0.313943034091459d0	   0.341145736948472d0	  -0.480452340201927d0	   0.807951195900084d0	  -0.038568146993928d0	  -0.865943336280373d0	  -0.498652821499158d0	
 -12.651459671964254d0	 -13.570618077302155d0	 142.187024037684267d0	   0.946589106783923d0	   0.127660893228133d0	  -0.296094172955515d0	   0.320053730919385d0	  -0.483562327057903d0	   0.814698155868127d0	  -0.039174893013166d0	  -0.865950444419621d0	  -0.498593176414266d0	
 -12.804254980008055d0	 -16.948117152061467d0	 140.242342326539529d0	   0.955099773483748d0	   0.111807265363353d0	  -0.274378494243376d0	   0.293322968264871d0	  -0.487424195194791d0	   0.822422817185294d0	  -0.041785870573392d0	  -0.865977360761053d0	  -0.498334377371002d0	
 -12.967228916273100d0	 -20.325616226820774d0	 138.298730432330046d0	   0.962992810507413d0	   0.093250432083988d0	  -0.252881798133401d0	   0.265420833603083d0	  -0.491249864881936d0	   0.829593485595761d0	  -0.046868198178230d0	  -0.866012659936118d0	  -0.497820695461625d0	
 -13.150017578963419d0	 -23.703115301580088d0	 136.357201149788494d0	   0.969329106513713d0	   0.076409781265969d0	  -0.233586447792273d0	   0.240292840869692d0	  -0.494127413681593d0	   0.835522261627488d0	  -0.051579394064815d0	  -0.866025198464357d0	  -0.497332807818544d0	
 -13.351177263507783d0	 -27.080614376339398d0	 134.417602739449961d0	   0.973953012612265d0	   0.065188384812191d0	  -0.217177355424247d0	   0.220492327070350d0	  -0.495732572366608d0	   0.840019255968509d0	  -0.052902390556469d0	  -0.866025225487322d0	  -0.497193770971684d0	
 -13.557496629154995d0	 -30.458113451098711d0	 132.478546633447962d0	   0.977776619364579d0	   0.055583429422216d0	  -0.202146889656109d0	   0.202696155047459d0	  -0.496902131062481d0	   0.843802430000377d0	  -0.053545787443483d0	  -0.866024684705486d0	  -0.497125833293565d0	
 -13.766325373579441d0	 -33.835612525858018d0	 130.539754273783331d0	   0.981100730071891d0	   0.046595172924711d0	  -0.187803746801064d0	   0.185803881343457d0	  -0.497826506414322d0	   0.847139709368541d0	  -0.054021061911853d0	  -0.866024052420852d0	  -0.497075512873527d0	
 -13.977007843788861d0	 -37.213111600617331d0	 128.601156748549727d0	   0.983834364393063d0	   0.038162938607146d0	  -0.174967235664750d0	   0.170492313201788d0	  -0.498546328046579d0	   0.849931720746070d0	  -0.054793380789723d0	  -0.866022603000726d0	  -0.496993497455932d0	
 -14.190702719972215d0	 -40.590610675376631d0	 126.662875839942302d0	   0.985745174359581d0	   0.027161794356376d0	  -0.166038212933469d0	   0.157273933472743d0	  -0.499304385202726d0	   0.852032887139539d0	  -0.059760865763259d0	  -0.866000789748305d0	  -0.496458730488786d0	
 -14.423776720841067d0	 -43.968109750135959d0	 124.726631759415085d0	   0.986940137643784d0	   0.014876087142244d0	  -0.160399085842171d0	   0.146265988838375d0	  -0.499954720231585d0	   0.853610882209974d0	  -0.067493890217996d0	  -0.865923772482035d0	  -0.495601245996942d0	
 -14.687033786887163d0	 -47.345608824895265d0	 122.793560046871278d0	   0.987829125094406d0	   0.003759730005409d0	  -0.155497537104309d0	   0.136491105711583d0	  -0.500364167491303d0	   0.854988817442874d0	  -0.074590868588601d0	  -0.865806886274909d0	  -0.494787467507156d0	
 -14.978011594568285d0	 -50.723107899654572d0	 120.863401901678031d0	   0.988669230067820d0	  -0.004374593376709d0	  -0.150046714225574d0	   0.127735469072231d0	  -0.500517175173834d0	   0.856251252435231d0	  -0.078846708605691d0	  -0.865715553914119d0	  -0.494287139477874d0	
 -15.285623816803993d0	 -54.100606974413886d0	 118.934992103905643d0	   0.989456263547372d0	  -0.010568516476936d0	  -0.144445868706414d0	   0.119819447475877d0	  -0.500530991876469d0	   0.857386742478406d0	  -0.081360939850793d0	  -0.865654106806334d0	  -0.493987211206852d0	
 -15.603067582052692d0	 -57.478106049173199d0	 117.007615642943108d0	   0.989654857562749d0	  -0.020955454513578d0	  -0.141930024408454d0	   0.112498675593116d0	  -0.500587815436052d0	   0.858344853206889d0	  -0.089035447391482d0	  -0.865432093213057d0	  -0.493051702303791d0	
 -15.950543881514903d0	 -60.855605123932506d0	 115.083395728522163d0	   0.989491613163013d0	  -0.032361055528762d0	  -0.140922352964754d0	   0.105993301872664d0	  -0.500566557024797d0	   0.859184812451006d0	  -0.098345144456315d0	  -0.865092991575734d0	  -0.491876354878351d0	
 -16.334503337484204d0	 -64.233104198691819d0	 113.163010348365987d0	   0.989437671334554d0	  -0.040956663552000d0	  -0.139052674389036d0	   0.100143367593608d0	  -0.500421599960800d0	   0.859970655441036d0	  -0.104806490595792d0	  -0.864812565821875d0	  -0.491034444337237d0	
 -16.743821886966252d0	 -67.610603273451119d0	 111.245290316340515d0	   0.989567715041970d0	  -0.047186013582590d0	  -0.136122068265208d0	   0.094549109805515d0	  -0.500196014999103d0	   0.860734809574936d0	  -0.108702360515030d0	  -0.864625599147548d0	  -0.490516432056261d0	
 -17.168447438679777d0	 -70.988102348210447d0	 109.329179115078773d0	   0.989910982519821d0	  -0.051629367262450d0	  -0.131949441540017d0	   0.088762294638443d0	  -0.499908886092760d0	   0.861517475537214d0	  -0.110442300488153d0	  -0.864537745874421d0	  -0.490282555493522d0	
 -17.599913582862698d0	 -74.365601422969760d0	 107.413786889057278d0	   0.989963282081653d0	  -0.059028825455558d0	  -0.128406767327341d0	   0.082077153844485d0	  -0.499514338680008d0	   0.862408700251721d0	  -0.115047994101855d0	  -0.864292209393597d0	  -0.489655936178327d0	
 -18.049500527426918d0	 -77.743100497729074d0	 105.500299235902276d0	   0.989947037211529d0	  -0.068277918747937d0	  -0.123866820931051d0	   0.073637568137751d0	  -0.498907244468847d0	   0.863521319930933d0	  -0.120757492830957d0	  -0.863961623700967d0	  -0.488863928611194d0	
 -18.521579736871040d0	 -81.120599572488373d0	 103.589175615046884d0	   0.990063378382887d0	  -0.076300528806735d0	  -0.118121700330109d0	   0.064765944963640d0	  -0.498182126439779d0	   0.864650184334050d0	  -0.124819386146440d0	  -0.863708746163783d0	  -0.488290203303539d0	
 -19.009681036173713d0	 -84.498098647247687d0	 101.679735983693405d0	   0.990099331851017d0	  -0.082961106677842d0	  -0.113228829575137d0	   0.057302423770398d0	  -0.497494289916588d0	   0.865572564104493d0	  -0.128139553995394d0	  -0.863491103763812d0	  -0.487814891554794d0	
 -19.510892019324611d0	 -87.875597722007001d0	  99.771674235635388d0	   0.989843283864716d0	  -0.088078990851022d0	  -0.111590164255549d0	   0.053409302966595d0	  -0.497044294778044d0	   0.866079912817068d0	  -0.131748699213522d0	  -0.863243337882975d0	  -0.487291719461971d0	
 -20.026367888255947d0	 -91.253096796766314d0	  97.865111787488473d0	   0.989239139156993d0	  -0.092192617967038d0	  -0.113606543615740d0	   0.053169744476245d0	  -0.496870270563059d0	   0.866194500388292d0	  -0.136304452723192d0	  -0.862913932801562d0	  -0.486621660784609d0	
 -20.559872036767622d0	 -94.630595871525614d0	  95.960444187880000d0	   0.988491425368377d0	  -0.095800768946762d0	  -0.117076533269491d0	   0.054434211662875d0	  -0.496830679455313d0	   0.866138668200775d0	  -0.141143964000375d0	  -0.862543615489249d0	  -0.485898027167218d0	
 -21.112555517647287d0	 -98.008094946284913d0	  94.057792417332976d0	   0.987704087004089d0	  -0.098135749281705d0	  -0.121696389545197d0	   0.057306434476283d0	  -0.496978018663330d0	   0.865868824668659d0	  -0.145453116442864d0	  -0.862196163108183d0	  -0.485243410298982d0	
 -21.682342054896107d0	-101.385594021044227d0	  92.156938250446331d0	   0.986890807808051d0	  -0.098697761273969d0	  -0.127692150829557d0	   0.062218649315504d0	  -0.497371612159305d0	   0.865303599377356d0	  -0.148913978998747d0	  -0.861905001341586d0	  -0.484710630707766d0	
 -22.265882961961417d0	-104.763093095803555d0	  90.257529726080804d0	   0.986429178573282d0	  -0.095199914017108d0	  -0.133770146259827d0	   0.069152747724977d0	  -0.498052954045625d0	   0.864384840478193d0	  -0.148913978998747d0	  -0.861905001341586d0	  -0.484710630707766d0	
!!
!!
!! beam blade 2: connectivities (1, 2), cross-section property (3):
1	2	51
2	3	52
3	4	53
4	5	54
5	6	55
6	7	56
7	8	57
8	9	58
9	10	59
10	11	60
11	12	61
12	13	62
13	14	63
14	15	64
15	16	65
16	17	66
17	18	67
18	19	68
19	20	69
20	21	70
21	22	71
22	23	72
23	24	73
24	25	74
25	26	75
26	27	76
27	28	77
28	29	78
29	30	79
30	31	80
!!
!!
!! beam blade 3: number of nodes (1), number of elements (2):
31	30
!!
!!
!! beam blade 3: nodal phi (1, 2, 3), nodal d1 (4, 5, 6), nodal d2 (7, 8, 9), nodal d3 (10, 11, 12):
 -12.172880279330599d0	   3.438120853024221d0	 148.018946752054148d0	   0.982644290421153d0	   0.127248108448243d0	   0.134974506478272d0	   0.180274485273726d0	  -0.483594117966649d0	  -0.856526613145997d0	  -0.043718513950063d0	   0.865993445682128d0	  -0.498140586153743d0	
 -12.343388775846851d0	   6.815619927783531d0	 146.076126772037952d0	   0.983150624633056d0	   0.123476185988327d0	   0.134790507000341d0	   0.178272951166595d0	  -0.484623544480094d0	  -0.856363693192270d0	  -0.040417869389473d0	   0.865964001347243d0	  -0.498470404542425d0	
 -12.501029643428303d0	  10.193119002542840d0	 144.131954349722861d0	   0.985358592719222d0	   0.115895054400640d0	   0.125047111601452d0	   0.166075108887063d0	  -0.486529007066476d0	  -0.857734564705807d0	  -0.038568146993928d0	   0.865943336280373d0	  -0.498652821499158d0	
 -12.651459671964254d0	  13.570618077302152d0	 142.187024037684239d0	   0.988802668147575d0	   0.105500585041673d0	   0.105541034768957d0	   0.143995177772176d0	  -0.488875704413018d0	  -0.860387084057539d0	  -0.039174893013166d0	   0.865950444419621d0	  -0.498593176414266d0	
 -12.804254980008057d0	  16.948117152061460d0	 140.242342326539529d0	   0.992352504735639d0	   0.093953670404504d0	   0.080057567802329d0	   0.116148385117158d0	  -0.491178092413375d0	  -0.863280738907011d0	  -0.041785870573392d0	   0.865977360761053d0	  -0.498334377371003d0	
 -12.967228916273102d0	  20.325616226820770d0	 138.298730432330046d0	   0.995084275157194d0	   0.084002874575634d0	   0.052448092414416d0	   0.087239081462401d0	  -0.492915398312325d0	  -0.865692643362642d0	  -0.046868198178230d0	   0.866012659936118d0	  -0.497820695461625d0	
 -13.150017578963421d0	  23.703115301580084d0	 136.357201149788466d0	   0.996783438820634d0	   0.075230888196805d0	   0.027624075623106d0	   0.061337934435494d0	  -0.494308273333441d0	  -0.867119939058778d0	  -0.051579394064815d0	   0.866025198464357d0	  -0.497332807818545d0	
 -13.351177263507784d0	  27.080614376339391d0	 134.417602739449933d0	   0.997757021622531d0	   0.066290167347123d0	   0.009302661771019d0	   0.041015398039539d0	  -0.495586443047749d0	  -0.867589657955267d0	  -0.052902390556469d0	   0.866025225487322d0	  -0.497193770971685d0	
 -13.557496629154997d0	  30.458113451098704d0	 132.478546633447934d0	   0.998304723067608d0	   0.057801057715497d0	  -0.006835029471417d0	   0.022815094739129d0	  -0.496649054371122d0	  -0.867651536185072d0	  -0.053545787443483d0	   0.866024684705485d0	  -0.497125833293566d0	
 -13.766325373579445d0	  33.835612525858011d0	 130.539754273783302d0	   0.998524117948081d0	   0.049640793491017d0	  -0.022031284519709d0	   0.005595600584199d0	  -0.497532041430639d0	  -0.867427551443901d0	  -0.054021061911853d0	   0.866024052420852d0	  -0.497075512873528d0	
 -13.977007843788865d0	  37.213111600617317d0	 128.601156748549670d0	   0.998447982218971d0	   0.042553604254662d0	  -0.035927949674334d0	  -0.009965551889568d0	  -0.498190768538292d0	  -0.867010176364016d0	  -0.054793380789723d0	   0.866022603000726d0	  -0.496993497455932d0	
 -14.190702719972217d0	  40.590610675376624d0	 126.662875839942274d0	   0.997939268255502d0	   0.040190801991532d0	  -0.050019159418669d0	  -0.023363557025074d0	  -0.498424850494613d0	  -0.866618031552863d0	  -0.059760865763259d0	   0.866000789748305d0	  -0.496458730488787d0	
 -14.423776720841071d0	  43.968109750135945d0	 124.726631759415042d0	   0.997123161490212d0	   0.041368608083450d0	  -0.063514085721219d0	  -0.034496023002151d0	  -0.498462293975890d0	  -0.866224777919293d0	  -0.067493890217996d0	   0.865923772482035d0	  -0.495601245996942d0	
 -14.687033786887167d0	  47.345608824895251d0	 122.793560046871249d0	   0.996226961595423d0	   0.042624699774807d0	  -0.075597460006664d0	  -0.044362634203835d0	  -0.498559495595103d0	  -0.865719577021597d0	  -0.074590868588601d0	   0.865806886274909d0	  -0.494787467507156d0	
 -14.978011594568290d0	  50.723107899654565d0	 120.863401901678003d0	   0.995466976518434d0	   0.041921120135596d0	  -0.085370477027042d0	  -0.053185479251850d0	  -0.498777705393631d0	  -0.865096587323644d0	  -0.078846708605691d0	   0.865715553914119d0	  -0.494287139477874d0	
 -15.285623816803996d0	  54.100606974413871d0	 118.934992103905600d0	   0.994807049542743d0	   0.040122932931841d0	  -0.093536540629903d0	  -0.061150074788296d0	  -0.499032180948545d0	  -0.864423247449491d0	  -0.081360939850793d0	   0.865654106806334d0	  -0.493987211206853d0	
 -15.603067582052695d0	  57.478106049173185d0	 117.007615642943051d0	   0.993669813317189d0	   0.043131574903628d0	  -0.103730272093134d0	  -0.068505410077847d0	  -0.499166264167750d0	  -0.863793985569984d0	  -0.089035447391482d0	   0.865432093213056d0	  -0.493051702303791d0	
 -15.950543881514909d0	  60.855605123932492d0	 115.083395728522135d0	   0.992319630273028d0	   0.047981264500543d0	  -0.114015567497297d0	  -0.075033218887464d0	  -0.499311440068687d0	  -0.863167481940741d0	  -0.098345144456315d0	   0.865092991575734d0	  -0.491876354878351d0	
 -16.334503337484211d0	  64.233104198691805d0	 113.163010348365944d0	   0.991196915048886d0	   0.050673632502736d0	  -0.122314588527079d0	  -0.080896694163024d0	  -0.499531189181973d0	  -0.862510472926525d0	  -0.104806490595792d0	   0.864812565821875d0	  -0.491034444337238d0	
 -16.743821886966256d0	  67.610603273451105d0	 111.245290316340459d0	   0.990303939395614d0	   0.051252459366568d0	  -0.129117361444561d0	  -0.086498002496761d0	  -0.499795716976060d0	  -0.861813400253475d0	  -0.108702360515030d0	   0.864625599147548d0	  -0.490516432056262d0	
 -17.168447438679785d0	  70.988102348210418d0	 109.329179115078716d0	   0.989588696049791d0	   0.049849257095221d0	  -0.135015792474538d0	  -0.092286027725292d0	  -0.500089529509881d0	  -0.861042247256935d0	  -0.110442300488153d0	   0.864537745874421d0	  -0.490282555493523d0	
 -17.599913582862701d0	  74.365601422969732d0	 107.413786889057221d0	   0.988417885111854d0	   0.050493013021067d0	  -0.143110237324460d0	  -0.098964859642709d0	  -0.500449230609435d0	  -0.860090997591722d0	  -0.115047994101855d0	   0.864292209393597d0	  -0.489655936178328d0	
 -18.049500527426925d0	  77.743100497729046d0	 105.500299235902219d0	   0.986856707796615d0	   0.051208859624617d0	  -0.153269341268150d0	  -0.107384664649823d0	  -0.500947068529124d0	  -0.858790177127173d0	  -0.120757492830957d0	   0.863961623700967d0	  -0.488863928611194d0	
 -18.521579736871047d0	  81.120599572488359d0	 103.589175615046813d0	   0.985349042717390d0	   0.050261468435634d0	  -0.162975608011187d0	  -0.116221275409857d0	  -0.501478799742189d0	  -0.857328191856094d0	  -0.124819386146440d0	   0.863708746163783d0	  -0.488290203303539d0	
 -19.009681036173721d0	  84.498098647247673d0	 101.679735983693348d0	   0.984018498979579d0	   0.049374364985942d0	  -0.171084089699217d0	  -0.123644038949604d0	  -0.501941516317370d0	  -0.856018028916008d0	  -0.128139553995394d0	   0.863491103763811d0	  -0.487814891554795d0	
 -19.510892019324618d0	  87.875597722006972d0	  99.771674235635317d0	   0.983047831276595d0	   0.050545133962965d0	  -0.176244576810316d0	  -0.127511731530265d0	  -0.502251061754302d0	  -0.855268746821039d0	  -0.131748699213522d0	   0.863243337882975d0	  -0.487291719461972d0	
 -20.026367888255955d0	  91.253096796766286d0	  97.865111787488388d0	   0.982395626474883d0	   0.054393306987967d0	  -0.178718217420423d0	  -0.127749478475495d0	  -0.502415080119871d0	  -0.855136923549312d0	  -0.136304452723193d0	   0.862913932801562d0	  -0.486621660784610d0	
 -20.559872036767629d0	  94.630595871525585d0	  95.960444187879929d0	   0.981874630395114d0	   0.059253705691810d0	  -0.180031132163982d0	  -0.126493444939351d0	  -0.502501253471599d0	  -0.855272996561242d0	  -0.141143964000375d0	   0.862543615489249d0	  -0.485898027167219d0	
 -21.112555517647294d0	  98.008094946284899d0	  94.057792417332905d0	   0.981609215081165d0	   0.064471464594324d0	  -0.179685222321708d0	  -0.123639555906303d0	  -0.502455178672283d0	  -0.855717274361512d0	  -0.145453116442864d0	   0.862196163108183d0	  -0.485243410298982d0	
 -21.682342054896115d0	 101.385594021044213d0	  92.156938250446245d0	   0.981693330866404d0	   0.069990128753979d0	  -0.177142840694809d0	  -0.118755340895058d0	  -0.502216238824838d0	  -0.856548900220841d0	  -0.148913978998747d0	   0.861905001341586d0	  -0.484710630707767d0	
 -22.265882961961424d0	 104.763093095803526d0	  90.257529726080733d0	   0.982503672331969d0	   0.073517857146872d0	  -0.171118843307005d0	  -0.111853299964156d0	  -0.501711962527204d0	  -0.857772665654618d0	  -0.148913978998747d0	   0.861905001341586d0	  -0.484710630707767d0	
!!
!!
!! beam blade 3: connectivities (1, 2), cross-section property (3):
1	2	51
2	3	52
3	4	53
4	5	54
5	6	55
6	7	56
7	8	57
8	9	58
9	10	59
10	11	60
11	12	61
12	13	62
13	14	63
14	15	64
15	16	65
16	17	66
17	18	67
18	19	68
19	20	69
20	21	70
21	22	71
22	23	72
23	24	73
24	25	74
25	26	75
26	27	76
27	28	77
28	29	78
29	30	79
30	31	80
!! cross-section property 1 (monopile) (Voigt notation):
!! row1: cbeam
!! row2: cmass
6.72967d+10	6.72967d+10	3.45793d+11	4.27484d+12	4.27484d+12	3.28834d+12	0.00000d+00	0.00000d+00	0.00000d+00	0.00000d+00	-0.00000d+00	0.00000d+00	0.00000d+00	0.00000d+00	0.00000d+00	0.00000d+00	0.00000d+00	-0.00000d+00	-0.00000d+00	0.00000d+00	0.00000d+00	
1.34859d+04	1.66719d+05	1.66719d+05	0.00000d+00	0.00000d+00	0.00000d+00	
5.00000d-01	2.00000d-01	
!! cross-section property 2 (monopile) (Voigt notation):
!! row1: cbeam
!! row2: cmass
6.72967d+10	6.72967d+10	3.45793d+11	4.27484d+12	4.27484d+12	3.28834d+12	0.00000d+00	0.00000d+00	0.00000d+00	0.00000d+00	-0.00000d+00	0.00000d+00	0.00000d+00	0.00000d+00	0.00000d+00	0.00000d+00	0.00000d+00	-0.00000d+00	-0.00000d+00	0.00000d+00	0.00000d+00	
1.34859d+04	1.66719d+05	1.66719d+05	0.00000d+00	0.00000d+00	0.00000d+00	
5.00000d-01	2.00000d-01	
!! cross-section property 3 (monopile) (Voigt notation):
!! row1: cbeam
!! row2: cmass
6.72967d+10	6.72967d+10	3.45793d+11	4.27484d+12	4.27484d+12	3.28834d+12	0.00000d+00	0.00000d+00	0.00000d+00	0.00000d+00	-0.00000d+00	0.00000d+00	0.00000d+00	0.00000d+00	0.00000d+00	0.00000d+00	0.00000d+00	-0.00000d+00	-0.00000d+00	0.00000d+00	0.00000d+00	
1.34859d+04	1.66719d+05	1.66719d+05	0.00000d+00	0.00000d+00	0.00000d+00	
5.00000d-01	2.00000d-01	
!! cross-section property 4 (monopile) (Voigt notation):
!! row1: cbeam
!! row2: cmass
6.72967d+10	6.72967d+10	3.45793d+11	4.27484d+12	4.27484d+12	3.28834d+12	0.00000d+00	0.00000d+00	0.00000d+00	0.00000d+00	-0.00000d+00	0.00000d+00	0.00000d+00	0.00000d+00	0.00000d+00	0.00000d+00	0.00000d+00	-0.00000d+00	-0.00000d+00	0.00000d+00	0.00000d+00	
1.34859d+04	1.66719d+05	1.66719d+05	0.00000d+00	0.00000d+00	0.00000d+00	
5.00000d-01	2.00000d-01	
!! cross-section property 5 (monopile) (Voigt notation):
!! row1: cbeam
!! row2: cmass
6.71799d+10	6.71799d+10	3.45193d+11	4.26751d+12	4.26751d+12	3.28270d+12	0.00000d+00	0.00000d+00	0.00000d+00	0.00000d+00	-0.00000d+00	0.00000d+00	0.00000d+00	0.00000d+00	0.00000d+00	0.00000d+00	0.00000d+00	-0.00000d+00	-0.00000d+00	0.00000d+00	0.00000d+00	
1.34625d+04	1.66433d+05	1.66433d+05	0.00000d+00	0.00000d+00	0.00000d+00	
5.00000d-01	2.00000d-01	
!! cross-section property 6 (monopile) (Voigt notation):
!! row1: cbeam
!! row2: cmass
6.50941d+10	6.50941d+10	3.34475d+11	4.13643d+12	4.13643d+12	3.18187d+12	0.00000d+00	0.00000d+00	0.00000d+00	0.00000d+00	-0.00000d+00	0.00000d+00	0.00000d+00	0.00000d+00	0.00000d+00	0.00000d+00	0.00000d+00	-0.00000d+00	-0.00000d+00	0.00000d+00	0.00000d+00	
1.30445d+04	1.61321d+05	1.61321d+05	0.00000d+00	0.00000d+00	0.00000d+00	
5.00000d-01	2.00000d-01	
!! cross-section property 7 (monopile) (Voigt notation):
!! row1: cbeam
!! row2: cmass
6.30075d+10	6.30075d+10	3.23754d+11	4.00522d+12	4.00522d+12	3.08094d+12	0.00000d+00	0.00000d+00	0.00000d+00	0.00000d+00	-0.00000d+00	0.00000d+00	0.00000d+00	0.00000d+00	0.00000d+00	0.00000d+00	0.00000d+00	-0.00000d+00	-0.00000d+00	0.00000d+00	0.00000d+00	
1.26264d+04	1.56203d+05	1.56203d+05	0.00000d+00	0.00000d+00	0.00000d+00	
5.00000d-01	2.00000d-01	
!! cross-section property 8 (monopile) (Voigt notation):
!! row1: cbeam
!! row2: cmass
6.09201d+10	6.09201d+10	3.13028d+11	3.87387d+12	3.87387d+12	2.97990d+12	0.00000d+00	0.00000d+00	0.00000d+00	0.00000d+00	-0.00000d+00	0.00000d+00	0.00000d+00	0.00000d+00	0.00000d+00	0.00000d+00	0.00000d+00	-0.00000d+00	-0.00000d+00	0.00000d+00	0.00000d+00	
1.22081d+04	1.51081d+05	1.51081d+05	0.00000d+00	0.00000d+00	0.00000d+00	
5.00000d-01	2.00000d-01	
!! cross-section property 9 (monopile) (Voigt notation):
!! row1: cbeam
!! row2: cmass
5.88321d+10	5.88321d+10	3.02299d+11	3.74238d+12	3.74238d+12	2.87875d+12	0.00000d+00	0.00000d+00	0.00000d+00	0.00000d+00	-0.00000d+00	0.00000d+00	0.00000d+00	0.00000d+00	0.00000d+00	0.00000d+00	0.00000d+00	-0.00000d+00	-0.00000d+00	0.00000d+00	0.00000d+00	
1.17897d+04	1.45953d+05	1.45953d+05	0.00000d+00	0.00000d+00	0.00000d+00	
5.00000d-01	2.00000d-01	
!! cross-section property 10 (monopile) (Voigt notation):
!! row1: cbeam
!! row2: cmass
5.79683d+10	5.79683d+10	2.97861d+11	3.68796d+12	3.68796d+12	2.83689d+12	0.00000d+00	0.00000d+00	0.00000d+00	0.00000d+00	-0.00000d+00	0.00000d+00	0.00000d+00	0.00000d+00	0.00000d+00	0.00000d+00	0.00000d+00	-0.00000d+00	-0.00000d+00	0.00000d+00	0.00000d+00	
1.16166d+04	1.43831d+05	1.43831d+05	0.00000d+00	0.00000d+00	0.00000d+00	
5.00000d-01	2.00000d-01	
!! cross-section property 11 (monopile) (Voigt notation):
!! row1: cbeam
!! row2: cmass
5.78812d+10	5.78812d+10	2.97413d+11	3.68247d+12	3.68247d+12	2.83267d+12	0.00000d+00	0.00000d+00	0.00000d+00	0.00000d+00	-0.00000d+00	0.00000d+00	0.00000d+00	0.00000d+00	0.00000d+00	0.00000d+00	0.00000d+00	-0.00000d+00	-0.00000d+00	0.00000d+00	0.00000d+00	
1.15991d+04	1.43616d+05	1.43616d+05	0.00000d+00	0.00000d+00	0.00000d+00	
5.00000d-01	2.00000d-01	
!! cross-section property 12 (monopile) (Voigt notation):
!! row1: cbeam
!! row2: cmass
5.77940d+10	5.77940d+10	2.96965d+11	3.67698d+12	3.67698d+12	2.82844d+12	0.00000d+00	0.00000d+00	0.00000d+00	0.00000d+00	-0.00000d+00	0.00000d+00	0.00000d+00	0.00000d+00	0.00000d+00	0.00000d+00	0.00000d+00	-0.00000d+00	-0.00000d+00	0.00000d+00	0.00000d+00	
1.15816d+04	1.43402d+05	1.43402d+05	0.00000d+00	0.00000d+00	0.00000d+00	
5.00000d-01	2.00000d-01	
!! cross-section property 13 (monopile) (Voigt notation):
!! row1: cbeam
!! row2: cmass
5.77068d+10	5.77068d+10	2.96517d+11	3.67148d+12	3.67148d+12	2.82422d+12	0.00000d+00	0.00000d+00	0.00000d+00	0.00000d+00	-0.00000d+00	0.00000d+00	0.00000d+00	0.00000d+00	0.00000d+00	0.00000d+00	0.00000d+00	-0.00000d+00	-0.00000d+00	0.00000d+00	0.00000d+00	
1.15642d+04	1.43188d+05	1.43188d+05	0.00000d+00	0.00000d+00	0.00000d+00	
5.00000d-01	2.00000d-01	
!! cross-section property 14 (monopile) (Voigt notation):
!! row1: cbeam
!! row2: cmass
5.72875d+10	5.72875d+10	2.94363d+11	3.64506d+12	3.64506d+12	2.80389d+12	0.00000d+00	0.00000d+00	0.00000d+00	0.00000d+00	-0.00000d+00	0.00000d+00	0.00000d+00	0.00000d+00	0.00000d+00	0.00000d+00	0.00000d+00	-0.00000d+00	-0.00000d+00	0.00000d+00	0.00000d+00	
1.14802d+04	1.42157d+05	1.42157d+05	0.00000d+00	0.00000d+00	0.00000d+00	
5.00000d-01	2.00000d-01	
!! cross-section property 15 (monopile) (Voigt notation):
!! row1: cbeam
!! row2: cmass
5.51993d+10	5.51993d+10	2.83633d+11	3.51340d+12	3.51340d+12	2.70262d+12	0.00000d+00	0.00000d+00	0.00000d+00	0.00000d+00	-0.00000d+00	0.00000d+00	0.00000d+00	0.00000d+00	0.00000d+00	0.00000d+00	0.00000d+00	-0.00000d+00	-0.00000d+00	0.00000d+00	0.00000d+00	
1.10617d+04	1.37023d+05	1.37023d+05	0.00000d+00	0.00000d+00	0.00000d+00	
5.00000d-01	2.00000d-01	
!! cross-section property 16 (monopile) (Voigt notation):
!! row1: cbeam
!! row2: cmass
5.31103d+10	5.31103d+10	2.72899d+11	3.38161d+12	3.38161d+12	2.60123d+12	0.00000d+00	0.00000d+00	0.00000d+00	0.00000d+00	-0.00000d+00	0.00000d+00	0.00000d+00	0.00000d+00	0.00000d+00	0.00000d+00	0.00000d+00	-0.00000d+00	-0.00000d+00	0.00000d+00	0.00000d+00	
1.06431d+04	1.31883d+05	1.31883d+05	0.00000d+00	0.00000d+00	0.00000d+00	
5.00000d-01	2.00000d-01	
!! cross-section property 17 (monopile) (Voigt notation):
!! row1: cbeam
!! row2: cmass
5.10207d+10	5.10207d+10	2.62161d+11	3.24967d+12	3.24967d+12	2.49975d+12	0.00000d+00	0.00000d+00	0.00000d+00	0.00000d+00	-0.00000d+00	0.00000d+00	0.00000d+00	0.00000d+00	0.00000d+00	0.00000d+00	0.00000d+00	-0.00000d+00	-0.00000d+00	0.00000d+00	0.00000d+00	
1.02243d+04	1.26737d+05	1.26737d+05	0.00000d+00	0.00000d+00	0.00000d+00	
5.00000d-01	2.00000d-01	
!! cross-section property 18 (monopile) (Voigt notation):
!! row1: cbeam
!! row2: cmass
4.89302d+10	4.89302d+10	2.51420d+11	3.11760d+12	3.11760d+12	2.39815d+12	0.00000d+00	0.00000d+00	0.00000d+00	0.00000d+00	-0.00000d+00	0.00000d+00	0.00000d+00	0.00000d+00	0.00000d+00	0.00000d+00	0.00000d+00	-0.00000d+00	-0.00000d+00	0.00000d+00	0.00000d+00	
9.80539d+03	1.21586d+05	1.21586d+05	0.00000d+00	0.00000d+00	0.00000d+00	
5.00000d-01	2.00000d-01	
!! cross-section property 19 (monopile) (Voigt notation):
!! row1: cbeam
!! row2: cmass
4.94218d+10	4.94218d+10	2.53946d+11	3.14867d+12	3.14867d+12	2.42205d+12	0.00000d+00	0.00000d+00	0.00000d+00	0.00000d+00	-0.00000d+00	0.00000d+00	0.00000d+00	0.00000d+00	0.00000d+00	0.00000d+00	0.00000d+00	-0.00000d+00	-0.00000d+00	0.00000d+00	0.00000d+00	
9.90390d+03	1.22798d+05	1.22798d+05	0.00000d+00	0.00000d+00	0.00000d+00	
5.00000d-01	2.00000d-01	
!! cross-section property 20 (monopile) (Voigt notation):
!! row1: cbeam
!! row2: cmass
5.09074d+10	5.09074d+10	2.61580d+11	3.24252d+12	3.24252d+12	2.49425d+12	0.00000d+00	0.00000d+00	0.00000d+00	0.00000d+00	-0.00000d+00	0.00000d+00	0.00000d+00	0.00000d+00	0.00000d+00	0.00000d+00	0.00000d+00	-0.00000d+00	-0.00000d+00	0.00000d+00	0.00000d+00	
1.02016d+04	1.26458d+05	1.26458d+05	0.00000d+00	0.00000d+00	0.00000d+00	
5.00000d-01	2.00000d-01	
!! cross-section property 21 (tower) (Voigt notation):
!! row1: cbeam
!! row2: cmass
4.81051d+10	4.81051d+10	2.47181d+11	3.06545d+12	3.06545d+12	2.35804d+12	0.00000d+00	0.00000d+00	0.00000d+00	0.00000d+00	-0.00000d+00	0.00000d+00	0.00000d+00	0.00000d+00	0.00000d+00	0.00000d+00	0.00000d+00	-0.00000d+00	-0.00000d+00	0.00000d+00	0.00000d+00	
9.64004d+03	1.19552d+05	1.19552d+05	0.00000d+00	0.00000d+00	0.00000d+00	
5.00000d-01	2.00000d-01	
!! cross-section property 22 (tower) (Voigt notation):
!! row1: cbeam
!! row2: cmass
4.81051d+10	4.81051d+10	2.47181d+11	3.06545d+12	3.06545d+12	2.35804d+12	0.00000d+00	0.00000d+00	0.00000d+00	0.00000d+00	-0.00000d+00	0.00000d+00	0.00000d+00	0.00000d+00	0.00000d+00	0.00000d+00	0.00000d+00	-0.00000d+00	-0.00000d+00	0.00000d+00	0.00000d+00	
9.64004d+03	1.19552d+05	1.19552d+05	0.00000d+00	0.00000d+00	0.00000d+00	
5.00000d-01	2.00000d-01	
!! cross-section property 23 (tower) (Voigt notation):
!! row1: cbeam
!! row2: cmass
4.81051d+10	4.81051d+10	2.47181d+11	3.06545d+12	3.06545d+12	2.35804d+12	0.00000d+00	0.00000d+00	0.00000d+00	0.00000d+00	-0.00000d+00	0.00000d+00	0.00000d+00	0.00000d+00	0.00000d+00	0.00000d+00	0.00000d+00	-0.00000d+00	-0.00000d+00	0.00000d+00	0.00000d+00	
9.64004d+03	1.19552d+05	1.19552d+05	0.00000d+00	0.00000d+00	0.00000d+00	
5.00000d-01	2.00000d-01	
!! cross-section property 24 (tower) (Voigt notation):
!! row1: cbeam
!! row2: cmass
4.68602d+10	4.68602d+10	2.40784d+11	2.97955d+12	2.97955d+12	2.29196d+12	0.00000d+00	0.00000d+00	0.00000d+00	0.00000d+00	-0.00000d+00	0.00000d+00	0.00000d+00	0.00000d+00	0.00000d+00	0.00000d+00	0.00000d+00	-0.00000d+00	-0.00000d+00	0.00000d+00	0.00000d+00	
9.39056d+03	1.16203d+05	1.16203d+05	0.00000d+00	0.00000d+00	0.00000d+00	
5.00000d-01	2.00000d-01	
!! cross-section property 25 (tower) (Voigt notation):
!! row1: cbeam
!! row2: cmass
4.43055d+10	4.43055d+10	2.27657d+11	2.80437d+12	2.80437d+12	2.15721d+12	0.00000d+00	0.00000d+00	0.00000d+00	0.00000d+00	-0.00000d+00	0.00000d+00	0.00000d+00	0.00000d+00	0.00000d+00	0.00000d+00	0.00000d+00	-0.00000d+00	-0.00000d+00	0.00000d+00	0.00000d+00	
8.87862d+03	1.09370d+05	1.09370d+05	0.00000d+00	0.00000d+00	0.00000d+00	
5.00000d-01	2.00000d-01	
!! cross-section property 26 (tower) (Voigt notation):
!! row1: cbeam
!! row2: cmass
4.17620d+10	4.17620d+10	2.14587d+11	2.63138d+12	2.63138d+12	2.02414d+12	0.00000d+00	0.00000d+00	0.00000d+00	0.00000d+00	-0.00000d+00	0.00000d+00	0.00000d+00	0.00000d+00	0.00000d+00	0.00000d+00	0.00000d+00	-0.00000d+00	-0.00000d+00	0.00000d+00	0.00000d+00	
8.36891d+03	1.02624d+05	1.02624d+05	0.00000d+00	0.00000d+00	0.00000d+00	
5.00000d-01	2.00000d-01	
!! cross-section property 27 (tower) (Voigt notation):
!! row1: cbeam
!! row2: cmass
4.02495d+10	4.02495d+10	2.06815d+11	2.49142d+12	2.49142d+12	1.91648d+12	0.00000d+00	0.00000d+00	0.00000d+00	0.00000d+00	-0.00000d+00	0.00000d+00	0.00000d+00	0.00000d+00	0.00000d+00	0.00000d+00	0.00000d+00	-0.00000d+00	-0.00000d+00	0.00000d+00	0.00000d+00	
8.06580d+03	9.71656d+04	9.71656d+04	0.00000d+00	0.00000d+00	0.00000d+00	
5.00000d-01	2.00000d-01	
!! cross-section property 28 (tower) (Voigt notation):
!! row1: cbeam
!! row2: cmass
3.98759d+10	3.98759d+10	2.04896d+11	2.38826d+12	2.38826d+12	1.83712d+12	0.00000d+00	0.00000d+00	0.00000d+00	0.00000d+00	-0.00000d+00	0.00000d+00	0.00000d+00	0.00000d+00	0.00000d+00	0.00000d+00	0.00000d+00	-0.00000d+00	-0.00000d+00	0.00000d+00	0.00000d+00	
7.99094d+03	9.31422d+04	9.31422d+04	0.00000d+00	0.00000d+00	0.00000d+00	
5.00000d-01	2.00000d-01	
!! cross-section property 29 (tower) (Voigt notation):
!! row1: cbeam
!! row2: cmass
3.94929d+10	3.94929d+10	2.02928d+11	2.28736d+12	2.28736d+12	1.75951d+12	0.00000d+00	0.00000d+00	0.00000d+00	0.00000d+00	-0.00000d+00	0.00000d+00	0.00000d+00	0.00000d+00	0.00000d+00	0.00000d+00	0.00000d+00	-0.00000d+00	-0.00000d+00	0.00000d+00	0.00000d+00	
7.91418d+03	8.92069d+04	8.92069d+04	0.00000d+00	0.00000d+00	0.00000d+00	
5.00000d-01	2.00000d-01	
!! cross-section property 30 (tower) (Voigt notation):
!! row1: cbeam
!! row2: cmass
3.82231d+10	3.82231d+10	1.96403d+11	2.13112d+12	2.13112d+12	1.63932d+12	0.00000d+00	0.00000d+00	0.00000d+00	0.00000d+00	-0.00000d+00	0.00000d+00	0.00000d+00	0.00000d+00	0.00000d+00	0.00000d+00	0.00000d+00	-0.00000d+00	-0.00000d+00	0.00000d+00	0.00000d+00	
7.65972d+03	8.31136d+04	8.31136d+04	0.00000d+00	0.00000d+00	0.00000d+00	
5.00000d-01	2.00000d-01	
!! cross-section property 31 (tower) (Voigt notation):
!! row1: cbeam
!! row2: cmass
3.59559d+10	3.59559d+10	1.84754d+11	1.91911d+12	1.91911d+12	1.47624d+12	0.00000d+00	0.00000d+00	0.00000d+00	0.00000d+00	-0.00000d+00	0.00000d+00	0.00000d+00	0.00000d+00	0.00000d+00	0.00000d+00	0.00000d+00	-0.00000d+00	-0.00000d+00	0.00000d+00	0.00000d+00	
7.20539d+03	7.48454d+04	7.48454d+04	0.00000d+00	0.00000d+00	0.00000d+00	
5.00000d-01	2.00000d-01	
!! cross-section property 32 (tower) (Voigt notation):
!! row1: cbeam
!! row2: cmass
3.37523d+10	3.37523d+10	1.73431d+11	1.72290d+12	1.72290d+12	1.32531d+12	0.00000d+00	0.00000d+00	0.00000d+00	0.00000d+00	-0.00000d+00	0.00000d+00	0.00000d+00	0.00000d+00	0.00000d+00	0.00000d+00	0.00000d+00	-0.00000d+00	-0.00000d+00	0.00000d+00	0.00000d+00	
6.76381d+03	6.71931d+04	6.71931d+04	0.00000d+00	0.00000d+00	0.00000d+00	
5.00000d-01	2.00000d-01	
!! cross-section property 33 (tower) (Voigt notation):
!! row1: cbeam
!! row2: cmass
3.23272d+10	3.23272d+10	1.66108d+11	1.57247d+12	1.57247d+12	1.20959d+12	0.00000d+00	0.00000d+00	0.00000d+00	0.00000d+00	-0.00000d+00	0.00000d+00	0.00000d+00	0.00000d+00	0.00000d+00	0.00000d+00	0.00000d+00	-0.00000d+00	-0.00000d+00	0.00000d+00	0.00000d+00	
6.47822d+03	6.13263d+04	6.13263d+04	0.00000d+00	0.00000d+00	0.00000d+00	
5.00000d-01	2.00000d-01	
!! cross-section property 34 (tower) (Voigt notation):
!! row1: cbeam
!! row2: cmass
3.18060d+10	3.18060d+10	1.63430d+11	1.46761d+12	1.46761d+12	1.12893d+12	0.00000d+00	0.00000d+00	0.00000d+00	0.00000d+00	-0.00000d+00	0.00000d+00	0.00000d+00	0.00000d+00	0.00000d+00	0.00000d+00	0.00000d+00	-0.00000d+00	-0.00000d+00	0.00000d+00	0.00000d+00	
6.37378d+03	5.72367d+04	5.72367d+04	0.00000d+00	0.00000d+00	0.00000d+00	
5.00000d-01	2.00000d-01	
!! cross-section property 35 (tower) (Voigt notation):
!! row1: cbeam
!! row2: cmass
3.12677d+10	3.12677d+10	1.60664d+11	1.36667d+12	1.36667d+12	1.05128d+12	0.00000d+00	0.00000d+00	0.00000d+00	0.00000d+00	-0.00000d+00	0.00000d+00	0.00000d+00	0.00000d+00	0.00000d+00	0.00000d+00	0.00000d+00	-0.00000d+00	-0.00000d+00	0.00000d+00	0.00000d+00	
6.26590d+03	5.33000d+04	5.33000d+04	0.00000d+00	0.00000d+00	0.00000d+00	
5.00000d-01	2.00000d-01	
!! cross-section property 36 (tower) (Voigt notation):
!! row1: cbeam
!! row2: cmass
2.99642d+10	2.99642d+10	1.53966d+11	1.23549d+12	1.23549d+12	9.50380d+11	0.00000d+00	0.00000d+00	0.00000d+00	0.00000d+00	-0.00000d+00	0.00000d+00	0.00000d+00	0.00000d+00	0.00000d+00	0.00000d+00	0.00000d+00	-0.00000d+00	-0.00000d+00	0.00000d+00	0.00000d+00	
6.00469d+03	4.81843d+04	4.81843d+04	0.00000d+00	0.00000d+00	0.00000d+00	
5.00000d-01	2.00000d-01	
!! cross-section property 37 (tower) (Voigt notation):
!! row1: cbeam
!! row2: cmass
2.77198d+10	2.77198d+10	1.42434d+11	1.07244d+12	1.07244d+12	8.24951d+11	0.00000d+00	0.00000d+00	0.00000d+00	0.00000d+00	-0.00000d+00	0.00000d+00	0.00000d+00	0.00000d+00	0.00000d+00	0.00000d+00	0.00000d+00	-0.00000d+00	-0.00000d+00	0.00000d+00	0.00000d+00	
5.55492d+03	4.18250d+04	4.18250d+04	0.00000d+00	0.00000d+00	0.00000d+00	
5.00000d-01	2.00000d-01	
!! cross-section property 38 (tower) (Voigt notation):
!! row1: cbeam
!! row2: cmass
2.55599d+10	2.55599d+10	1.31335d+11	9.25920d+11	9.25920d+11	7.12246d+11	0.00000d+00	0.00000d+00	0.00000d+00	0.00000d+00	-0.00000d+00	0.00000d+00	0.00000d+00	0.00000d+00	0.00000d+00	0.00000d+00	0.00000d+00	-0.00000d+00	-0.00000d+00	0.00000d+00	0.00000d+00	
5.12208d+03	3.61109d+04	3.61109d+04	0.00000d+00	0.00000d+00	0.00000d+00	
5.00000d-01	2.00000d-01	
!! cross-section property 39 (tower) (Voigt notation):
!! row1: cbeam
!! row2: cmass
2.41612d+10	2.41612d+10	1.24148d+11	8.26262d+11	8.26262d+11	6.35586d+11	0.00000d+00	0.00000d+00	0.00000d+00	0.00000d+00	-0.00000d+00	0.00000d+00	0.00000d+00	0.00000d+00	0.00000d+00	0.00000d+00	0.00000d+00	-0.00000d+00	-0.00000d+00	0.00000d+00	0.00000d+00	
4.84179d+03	3.22242d+04	3.22242d+04	0.00000d+00	0.00000d+00	0.00000d+00	
5.00000d-01	2.00000d-01	
!! cross-section property 40 (tower) (Voigt notation):
!! row1: cbeam
!! row2: cmass
2.37395d+10	2.37395d+10	1.21982d+11	7.76695d+11	7.76695d+11	5.97457d+11	0.00000d+00	0.00000d+00	0.00000d+00	0.00000d+00	-0.00000d+00	0.00000d+00	0.00000d+00	0.00000d+00	0.00000d+00	0.00000d+00	0.00000d+00	-0.00000d+00	-0.00000d+00	0.00000d+00	0.00000d+00	
4.75729d+03	3.02911d+04	3.02911d+04	0.00000d+00	0.00000d+00	0.00000d+00	
5.00000d-01	2.00000d-01	
!! cross-section property 41 (tower) (Voigt notation):
!! row1: cbeam
!! row2: cmass
2.33130d+10	2.33130d+10	1.19790d+11	7.28990d+11	7.28990d+11	5.60762d+11	0.00000d+00	0.00000d+00	0.00000d+00	0.00000d+00	-0.00000d+00	0.00000d+00	0.00000d+00	0.00000d+00	0.00000d+00	0.00000d+00	0.00000d+00	-0.00000d+00	-0.00000d+00	0.00000d+00	0.00000d+00	
4.67182d+03	2.84306d+04	2.84306d+04	0.00000d+00	0.00000d+00	0.00000d+00	
5.00000d-01	2.00000d-01	
!! cross-section property 42 (tower) (Voigt notation):
!! row1: cbeam
!! row2: cmass
2.22311d+10	2.22311d+10	1.14231d+11	6.72187d+11	6.72187d+11	5.17067d+11	0.00000d+00	0.00000d+00	0.00000d+00	0.00000d+00	-0.00000d+00	0.00000d+00	0.00000d+00	0.00000d+00	0.00000d+00	0.00000d+00	0.00000d+00	-0.00000d+00	-0.00000d+00	0.00000d+00	0.00000d+00	
4.45501d+03	2.62153d+04	2.62153d+04	0.00000d+00	0.00000d+00	0.00000d+00	
5.00000d-01	2.00000d-01	
!! cross-section property 43 (tower) (Voigt notation):
!! row1: cbeam
!! row2: cmass
2.01928d+10	2.01928d+10	1.03758d+11	6.01483d+11	6.01483d+11	4.62679d+11	0.00000d+00	0.00000d+00	0.00000d+00	0.00000d+00	-0.00000d+00	0.00000d+00	0.00000d+00	0.00000d+00	0.00000d+00	0.00000d+00	0.00000d+00	-0.00000d+00	-0.00000d+00	0.00000d+00	0.00000d+00	
4.04654d+03	2.34578d+04	2.34578d+04	0.00000d+00	0.00000d+00	0.00000d+00	
5.00000d-01	2.00000d-01	
!! cross-section property 44 (tower) (Voigt notation):
!! row1: cbeam
!! row2: cmass
1.81827d+10	1.81827d+10	9.34286d+10	5.33498d+11	5.33498d+11	4.10383d+11	0.00000d+00	0.00000d+00	0.00000d+00	0.00000d+00	-0.00000d+00	0.00000d+00	0.00000d+00	0.00000d+00	0.00000d+00	0.00000d+00	0.00000d+00	-0.00000d+00	-0.00000d+00	0.00000d+00	0.00000d+00	
3.64372d+03	2.08064d+04	2.08064d+04	0.00000d+00	0.00000d+00	0.00000d+00	
5.00000d-01	2.00000d-01	
!! cross-section property 45 (tower) (Voigt notation):
!! row1: cbeam
!! row2: cmass
1.69489d+10	1.69489d+10	8.70890d+10	4.89381d+11	4.89381d+11	3.76447d+11	0.00000d+00	0.00000d+00	0.00000d+00	0.00000d+00	-0.00000d+00	0.00000d+00	0.00000d+00	0.00000d+00	0.00000d+00	0.00000d+00	0.00000d+00	-0.00000d+00	-0.00000d+00	0.00000d+00	0.00000d+00	
3.39647d+03	1.90858d+04	1.90858d+04	0.00000d+00	0.00000d+00	0.00000d+00	
5.00000d-01	2.00000d-01	
!! cross-section property 46 (tower) (Voigt notation):
!! row1: cbeam
!! row2: cmass
1.69120d+10	1.69120d+10	8.68996d+10	4.79829d+11	4.79829d+11	3.69099d+11	0.00000d+00	0.00000d+00	0.00000d+00	0.00000d+00	-0.00000d+00	0.00000d+00	0.00000d+00	0.00000d+00	0.00000d+00	0.00000d+00	0.00000d+00	-0.00000d+00	-0.00000d+00	0.00000d+00	0.00000d+00	
3.38908d+03	1.87133d+04	1.87133d+04	0.00000d+00	0.00000d+00	0.00000d+00	
5.00000d-01	2.00000d-01	
!! cross-section property 47 (tower) (Voigt notation):
!! row1: cbeam
!! row2: cmass
1.68732d+10	1.68732d+10	8.67001d+10	4.70333d+11	4.70333d+11	3.61795d+11	0.00000d+00	0.00000d+00	0.00000d+00	0.00000d+00	-0.00000d+00	0.00000d+00	0.00000d+00	0.00000d+00	0.00000d+00	0.00000d+00	0.00000d+00	-0.00000d+00	-0.00000d+00	0.00000d+00	0.00000d+00	
3.38131d+03	1.83430d+04	1.83430d+04	0.00000d+00	0.00000d+00	0.00000d+00	
5.00000d-01	2.00000d-01	
!! cross-section property 48 (tower) (Voigt notation):
!! row1: cbeam
!! row2: cmass
1.74362d+10	1.74362d+10	8.95931d+10	4.79139d+11	4.79139d+11	3.68568d+11	0.00000d+00	0.00000d+00	0.00000d+00	0.00000d+00	-0.00000d+00	0.00000d+00	0.00000d+00	0.00000d+00	0.00000d+00	0.00000d+00	0.00000d+00	-0.00000d+00	-0.00000d+00	0.00000d+00	0.00000d+00	
3.49413d+03	1.86864d+04	1.86864d+04	0.00000d+00	0.00000d+00	0.00000d+00	
5.00000d-01	2.00000d-01	
!! cross-section property 49 (tower) (Voigt notation):
!! row1: cbeam
!! row2: cmass
1.90091d+10	1.90091d+10	9.76751d+10	5.18037d+11	5.18037d+11	3.98490d+11	0.00000d+00	0.00000d+00	0.00000d+00	0.00000d+00	-0.00000d+00	0.00000d+00	0.00000d+00	0.00000d+00	0.00000d+00	0.00000d+00	0.00000d+00	-0.00000d+00	-0.00000d+00	0.00000d+00	0.00000d+00	
3.80933d+03	2.02034d+04	2.02034d+04	0.00000d+00	0.00000d+00	0.00000d+00	
5.00000d-01	2.00000d-01	
!! cross-section property 50 (tower) (Voigt notation):
!! row1: cbeam
!! row2: cmass
2.05683d+10	2.05683d+10	1.05687d+11	5.55868d+11	5.55868d+11	4.27591d+11	0.00000d+00	0.00000d+00	0.00000d+00	0.00000d+00	-0.00000d+00	0.00000d+00	0.00000d+00	0.00000d+00	0.00000d+00	0.00000d+00	0.00000d+00	-0.00000d+00	-0.00000d+00	0.00000d+00	0.00000d+00	
4.12178d+03	2.16789d+04	2.16789d+04	0.00000d+00	0.00000d+00	0.00000d+00	
5.00000d-01	2.00000d-01	
!! cross-section property 51 (blade) (Voigt notation):
!! row1: cbeam
!! row2: cmass
6.15033d+09	6.16600d+09	4.22967d+10	1.37567d+11	1.39033d+11	8.05033d+10	0.00000d+00	0.00000d+00	0.00000d+00	9.26667d+06	-2.32803d+08	0.00000d+00	0.00000d+00	0.00000d+00	-3.69280d+06	0.00000d+00	1.57553d+09	-4.82067d+08	-2.53347d+07	0.00000d+00	0.00000d+00	
2.85833d+03	9.35267d+03	9.34633d+03	4.39980d+00	1.07097d+02	1.54747d+00	
5.00000d-01	2.00000d-01	
!! cross-section property 52 (blade) (Voigt notation):
!! row1: cbeam
!! row2: cmass
4.24600d+09	5.19600d+09	3.37500d+10	1.02700d+11	9.19800d+10	5.41400d+10	0.00000d+00	0.00000d+00	0.00000d+00	3.58100d+07	-4.23200d+08	0.00000d+00	0.00000d+00	0.00000d+00	6.45500d+06	0.00000d+00	3.92100d+09	-2.93900d+09	-2.48900d+08	0.00000d+00	0.00000d+00	
2.20400d+03	5.81700d+03	6.94700d+03	6.93400d+01	2.66700d+02	1.57800d+01	
5.00000d-01	2.00000d-01	
!! cross-section property 53 (blade) (Voigt notation):
!! row1: cbeam
!! row2: cmass
2.81633d+09	4.36300d+09	2.85867d+10	7.92333d+10	6.32133d+10	3.40900d+10	0.00000d+00	0.00000d+00	0.00000d+00	6.48267d+07	-3.02200d+08	0.00000d+00	0.00000d+00	0.00000d+00	3.37287d+07	0.00000d+00	6.32300d+09	-5.26067d+09	-3.83833d+08	0.00000d+00	0.00000d+00	
1.76100d+03	3.53867d+03	5.32267d+03	1.22000d+02	4.08200d+02	2.54233d+01	
5.00000d-01	2.00000d-01	
!! cross-section property 54 (blade) (Voigt notation):
!! row1: cbeam
!! row2: cmass
1.92477d+09	3.42800d+09	2.57833d+10	6.65633d+10	4.41700d+10	1.96457d+10	0.00000d+00	0.00000d+00	0.00000d+00	9.26867d+07	-1.20200d+08	0.00000d+00	0.00000d+00	0.00000d+00	1.02477d+08	0.00000d+00	9.24600d+09	-5.70267d+09	-4.29633d+08	0.00000d+00	0.00000d+00	
1.48033d+03	2.17610d+03	4.36300d+03	1.42733d+02	5.53667d+02	3.05833d+01	
5.00000d-01	2.00000d-01	
!! cross-section property 55 (blade) (Voigt notation):
!! row1: cbeam
!! row2: cmass
9.36300d+08	2.31400d+09	2.26700d+10	5.41300d+10	2.79900d+10	8.07700d+09	0.00000d+00	0.00000d+00	0.00000d+00	1.02500d+08	1.10200d+08	0.00000d+00	0.00000d+00	0.00000d+00	8.08300d+07	0.00000d+00	1.07000d+10	-4.84000d+09	-2.52300d+08	0.00000d+00	0.00000d+00	
1.05100d+03	9.56300d+02	3.32100d+03	1.09400d+02	6.10200d+02	2.44900d+01	
5.00000d-01	2.00000d-01	
!! cross-section property 56 (blade) (Voigt notation):
!! row1: cbeam
!! row2: cmass
6.18433d+08	1.41333d+09	2.11900d+10	4.41767d+10	2.38767d+10	4.53767d+09	0.00000d+00	0.00000d+00	0.00000d+00	7.64467d+07	6.64800d+07	0.00000d+00	0.00000d+00	0.00000d+00	6.07567d+07	0.00000d+00	9.68400d+09	-3.87667d+09	-2.96233d+08	0.00000d+00	0.00000d+00	
7.96200d+02	6.36367d+02	2.60967d+03	8.59733d+01	5.49600d+02	2.16833d+01	
5.00000d-01	2.00000d-01	
!! cross-section property 57 (blade) (Voigt notation):
!! row1: cbeam
!! row2: cmass
4.00133d+08	8.02033d+08	2.04567d+10	3.79000d+10	1.97533d+10	2.18733d+09	0.00000d+00	0.00000d+00	0.00000d+00	5.41633d+07	4.30100d+07	0.00000d+00	0.00000d+00	0.00000d+00	4.01667d+07	0.00000d+00	9.11900d+09	-2.77167d+09	-3.35600d+08	0.00000d+00	0.00000d+00	
6.22900d+02	4.07133d+02	2.11900d+03	6.65067d+01	5.02600d+02	1.96567d+01	
5.00000d-01	2.00000d-01	
!! cross-section property 58 (blade) (Voigt notation):
!! row1: cbeam
!! row2: cmass
2.81400d+08	4.80100d+08	2.04700d+10	3.53000d+10	1.56200d+10	1.02600d+09	0.00000d+00	0.00000d+00	0.00000d+00	3.56500d+07	3.97900d+07	0.00000d+00	0.00000d+00	0.00000d+00	1.90600d+07	0.00000d+00	9.00500d+09	-1.52500d+09	-3.70400d+08	0.00000d+00	0.00000d+00	
5.31100d+02	2.68600d+02	1.84900d+03	5.10000d+01	4.69200d+02	1.84100d+01	
5.00000d-01	2.00000d-01	
!! cross-section property 59 (blade) (Voigt notation):
!! row1: cbeam
!! row2: cmass
2.43533d+08	3.91300d+08	2.10700d+10	3.24667d+10	1.41133d+10	7.60067d+08	0.00000d+00	0.00000d+00	0.00000d+00	2.98433d+07	2.84767d+07	0.00000d+00	0.00000d+00	0.00000d+00	9.13867d+06	0.00000d+00	8.53900d+09	-9.18800d+08	-3.56267d+08	0.00000d+00	0.00000d+00	
4.99700d+02	2.25600d+02	1.65967d+03	3.97133d+01	4.42733d+02	1.63033d+01	
5.00000d-01	2.00000d-01	
!! cross-section property 60 (blade) (Voigt notation):
!! row1: cbeam
!! row2: cmass
2.12300d+08	3.39300d+08	2.15100d+10	2.93967d+10	1.24600d+10	5.71800d+08	0.00000d+00	0.00000d+00	0.00000d+00	2.56200d+07	2.01533d+07	0.00000d+00	0.00000d+00	0.00000d+00	1.78733d+06	0.00000d+00	8.16600d+09	-4.40983d+08	-3.26767d+08	0.00000d+00	0.00000d+00	
4.75367d+02	1.87633d+02	1.47233d+03	3.05100d+01	4.15667d+02	1.43467d+01	
5.00000d-01	2.00000d-01	
!! cross-section property 61 (blade) (Voigt notation):
!! row1: cbeam
!! row2: cmass
1.87700d+08	3.24100d+08	2.17900d+10	2.60900d+10	1.06600d+10	4.61200d+08	0.00000d+00	0.00000d+00	0.00000d+00	2.29800d+07	1.48200d+07	0.00000d+00	0.00000d+00	0.00000d+00	-2.99400d+06	0.00000d+00	7.88600d+09	-9.15500d+07	-2.81900d+08	0.00000d+00	0.00000d+00	
4.58100d+02	1.54700d+02	1.28700d+03	2.33900d+01	3.88000d+02	1.25400d+01	
5.00000d-01	2.00000d-01	
!! cross-section property 62 (blade) (Voigt notation):
!! row1: cbeam
!! row2: cmass
1.70300d+08	3.19700d+08	2.16767d+10	2.35100d+10	9.24533d+09	3.96933d+08	0.00000d+00	0.00000d+00	0.00000d+00	2.03933d+07	1.44067d+07	0.00000d+00	0.00000d+00	0.00000d+00	-3.20467d+06	0.00000d+00	7.23667d+09	-3.74367d+07	-1.94967d+08	0.00000d+00	0.00000d+00	
4.41967d+02	1.31700d+02	1.14633d+03	2.02967d+01	3.59933d+02	1.04367d+01	
5.00000d-01	2.00000d-01	
!! cross-section property 63 (blade) (Voigt notation):
!! row1: cbeam
!! row2: cmass
1.53733d+08	3.14733d+08	2.13400d+10	2.10533d+10	7.87533d+09	3.38433d+08	0.00000d+00	0.00000d+00	0.00000d+00	1.78267d+07	1.28367d+07	0.00000d+00	0.00000d+00	0.00000d+00	-3.07767d+06	0.00000d+00	6.73500d+09	-6.16700d+06	-1.28320d+08	0.00000d+00	0.00000d+00	
4.24233d+02	1.10303d+02	1.01593d+03	1.77000d+01	3.34300d+02	8.74867d+00	
5.00000d-01	2.00000d-01	
!! cross-section property 64 (blade) (Voigt notation):
!! row1: cbeam
!! row2: cmass
1.38000d+08	3.09200d+08	2.07800d+10	1.87200d+10	6.55000d+09	2.85700d+08	0.00000d+00	0.00000d+00	0.00000d+00	1.52800d+07	1.01100d+07	0.00000d+00	0.00000d+00	0.00000d+00	-2.61300d+06	0.00000d+00	6.38100d+09	2.25900d+06	-8.19600d+07	0.00000d+00	0.00000d+00	
4.04900d+02	9.05100d+01	8.95800d+02	1.56000d+01	3.11100d+02	7.47600d+00	
5.00000d-01	2.00000d-01	
!! cross-section property 65 (blade) (Voigt notation):
!! row1: cbeam
!! row2: cmass
1.23733d+08	3.05200d+08	2.02067d+10	1.66333d+10	5.44533d+09	2.42233d+08	0.00000d+00	0.00000d+00	0.00000d+00	1.33800d+07	9.87400d+06	0.00000d+00	0.00000d+00	0.00000d+00	-1.83300d+06	0.00000d+00	5.80100d+09	-1.84803d+07	-1.24520d+08	0.00000d+00	0.00000d+00	
3.86767d+02	7.45167d+01	7.88867d+02	1.42933d+01	2.85633d+02	7.70267d+00	
5.00000d-01	2.00000d-01	
!! cross-section property 66 (blade) (Voigt notation):
!! row1: cbeam
!! row2: cmass
1.10207d+08	2.99767d+08	1.95900d+10	1.46400d+10	4.46333d+09	2.03000d+08	0.00000d+00	0.00000d+00	0.00000d+00	1.21500d+07	9.05433d+06	0.00000d+00	0.00000d+00	0.00000d+00	-1.29437d+06	0.00000d+00	5.32067d+09	-3.38733d+07	-1.69133d+08	0.00000d+00	0.00000d+00	
3.68633d+02	6.04767d+01	6.87967d+02	1.29800d+01	2.61267d+02	7.93833d+00	
5.00000d-01	2.00000d-01	
!! cross-section property 67 (blade) (Voigt notation):
!! row1: cbeam
!! row2: cmass
9.74200d+07	2.92900d+08	1.89300d+10	1.27400d+10	3.60400d+09	1.68000d+08	0.00000d+00	0.00000d+00	0.00000d+00	1.15900d+07	7.65100d+06	0.00000d+00	0.00000d+00	0.00000d+00	-9.97100d+05	0.00000d+00	4.94000d+09	-4.39200d+07	-2.15800d+08	0.00000d+00	0.00000d+00	
3.50500d+02	4.83900d+01	5.93100d+02	1.16600d+01	2.38000d+02	8.18300d+00	
5.00000d-01	2.00000d-01	
!! cross-section property 68 (blade) (Voigt notation):
!! row1: cbeam
!! row2: cmass
8.67133d+07	2.97833d+08	1.80033d+10	9.83333d+09	2.97133d+09	1.41467d+08	0.00000d+00	0.00000d+00	0.00000d+00	1.23833d+07	7.68967d+06	0.00000d+00	0.00000d+00	0.00000d+00	-2.50633d+05	0.00000d+00	3.87333d+09	-3.44733d+07	-2.71867d+08	0.00000d+00	0.00000d+00	
3.21700d+02	3.96100d+01	4.57100d+02	9.11133d+00	1.89133d+02	8.02900d+00	
5.00000d-01	2.00000d-01	
!! cross-section property 69 (blade) (Voigt notation):
!! row1: cbeam
!! row2: cmass
7.66000d+07	3.11733d+08	1.69767d+10	7.13233d+09	2.40933d+09	1.17260d+08	0.00000d+00	0.00000d+00	0.00000d+00	1.36333d+07	7.92433d+06	0.00000d+00	0.00000d+00	0.00000d+00	4.65067d+05	0.00000d+00	2.81733d+09	-2.06413d+07	-3.19400d+08	0.00000d+00	0.00000d+00	
2.91633d+02	3.18867d+01	3.31233d+02	6.61667d+00	1.40943d+02	7.73233d+00	
5.00000d-01	2.00000d-01	
!! cross-section property 70 (blade) (Voigt notation):
!! row1: cbeam
!! row2: cmass
6.70800d+07	3.34600d+08	1.58500d+10	4.63700d+09	1.91800d+09	9.53800d+07	0.00000d+00	0.00000d+00	0.00000d+00	1.53400d+07	8.35500d+06	0.00000d+00	0.00000d+00	0.00000d+00	1.15000d+06	0.00000d+00	1.77200d+09	-2.42400d+06	-3.58400d+08	0.00000d+00	0.00000d+00	
2.60300d+02	2.52200d+01	2.15500d+02	4.17600d+00	9.34300d+01	7.29300d+00	
5.00000d-01	2.00000d-01	
!! cross-section property 71 (blade) (Voigt notation):
!! row1: cbeam
!! row2: cmass
5.93933d+07	3.62400d+08	1.46567d+10	3.47167d+09	1.54067d+09	7.94333d+07	0.00000d+00	0.00000d+00	0.00000d+00	1.71400d+07	8.20100d+06	0.00000d+00	0.00000d+00	0.00000d+00	1.67733d+06	0.00000d+00	1.26600d+09	-8.98133d+06	-3.93867d+08	0.00000d+00	0.00000d+00	
2.36033d+02	2.02400d+01	1.59633d+02	3.15333d+00	6.97700d+01	7.24633d+00	
5.00000d-01	2.00000d-01	
!! cross-section property 72 (blade) (Voigt notation):
!! row1: cbeam
!! row2: cmass
5.20300d+07	3.82833d+08	1.30400d+10	2.55167d+09	1.18070d+09	6.51467d+07	0.00000d+00	0.00000d+00	0.00000d+00	1.85367d+07	7.76967d+06	0.00000d+00	0.00000d+00	0.00000d+00	2.02100d+06	0.00000d+00	8.83733d+08	-1.34067d+07	-4.03267d+08	0.00000d+00	0.00000d+00	
2.09133d+02	1.55900d+01	1.16017d+02	2.36133d+00	5.13100d+01	7.00600d+00	
5.00000d-01	2.00000d-01	
!! cross-section property 73 (blade) (Voigt notation):
!! row1: cbeam
!! row2: cmass
4.49900d+07	3.95900d+08	1.10000d+10	1.87700d+09	8.38100d+08	5.25200d+07	0.00000d+00	0.00000d+00	0.00000d+00	1.95300d+07	7.06100d+06	0.00000d+00	0.00000d+00	0.00000d+00	2.18100d+06	0.00000d+00	6.25200d+08	-1.57000d+07	-3.86600d+08	0.00000d+00	0.00000d+00	
1.79600d+02	1.12700d+01	8.46500d+01	1.80000d+00	3.80500d+01	6.57200d+00	
5.00000d-01	2.00000d-01	
!! cross-section property 74 (blade) (Voigt notation):
!! row1: cbeam
!! row2: cmass
3.93367d+07	3.82100d+08	8.54000d+09	1.35900d+09	5.90167d+08	4.29133d+07	0.00000d+00	0.00000d+00	0.00000d+00	1.83967d+07	6.43633d+06	0.00000d+00	0.00000d+00	0.00000d+00	2.16167d+06	0.00000d+00	4.44533d+08	-9.54600d+06	-3.03067d+08	0.00000d+00	0.00000d+00	
1.46067d+02	8.21333d+00	6.25167d+01	1.29400d+00	2.81700d+01	5.33667d+00	
5.00000d-01	2.00000d-01	
!! cross-section property 75 (blade) (Voigt notation):
!! row1: cbeam
!! row2: cmass
3.34300d+07	3.30033d+08	6.38033d+09	9.61200d+08	3.91833d+08	3.31833d+07	0.00000d+00	0.00000d+00	0.00000d+00	1.54667d+07	5.19300d+06	0.00000d+00	0.00000d+00	0.00000d+00	1.76580d+06	0.00000d+00	3.24833d+08	-5.92667d+06	-2.23800d+08	0.00000d+00	0.00000d+00	
1.14353d+02	5.66200d+00	4.48033d+01	9.01733d-01	2.09533d+01	4.08633d+00	
5.00000d-01	2.00000d-01	
!! cross-section property 76 (blade) (Voigt notation):
!! row1: cbeam
!! row2: cmass
2.72700d+07	2.39700d+08	4.52100d+09	6.83600d+08	2.43100d+08	2.33300d+07	0.00000d+00	0.00000d+00	0.00000d+00	1.07400d+07	3.33100d+06	0.00000d+00	0.00000d+00	0.00000d+00	9.93400d+05	0.00000d+00	2.66100d+08	-4.84200d+06	-1.48800d+08	0.00000d+00	0.00000d+00	
8.44600d+01	3.61600d+00	3.15100d+01	6.23200d-01	1.64000d+01	2.82100d+00	
5.00000d-01	2.00000d-01	
!! cross-section property 77 (blade) (Voigt notation):
!! row1: cbeam
!! row2: cmass
2.22567d+07	1.76100d+08	3.29100d+09	5.08067d+08	1.56567d+08	1.67233d+07	0.00000d+00	0.00000d+00	0.00000d+00	7.59133d+06	2.33167d+06	0.00000d+00	0.00000d+00	0.00000d+00	6.71333d+05	0.00000d+00	2.11900d+08	-4.36400d+06	-1.02820d+08	0.00000d+00	0.00000d+00	
6.46200d+01	2.39400d+00	2.33833d+01	4.53400d-01	1.28200d+01	2.03500d+00	
5.00000d-01	2.00000d-01	
!! cross-section property 78 (blade) (Voigt notation):
!! row1: cbeam
!! row2: cmass
1.62267d+07	1.25180d+08	2.18500d+09	3.57367d+08	8.76667d+07	1.12150d+07	0.00000d+00	0.00000d+00	0.00000d+00	5.14333d+06	1.64367d+06	0.00000d+00	0.00000d+00	0.00000d+00	4.42867d+05	0.00000d+00	1.68967d+08	-3.93700d+06	-6.38533d+07	0.00000d+00	0.00000d+00	
4.79500d+01	1.44113d+00	1.69667d+01	3.28867d-01	1.00597d+01	1.40017d+00	
5.00000d-01	2.00000d-01	
!! cross-section property 79 (blade) (Voigt notation):
!! row1: cbeam
!! row2: cmass
9.18000d+06	8.69400d+07	1.20300d+09	2.31500d+08	3.64000d+07	6.80500d+06	0.00000d+00	0.00000d+00	0.00000d+00	3.39600d+06	1.26700d+06	0.00000d+00	0.00000d+00	0.00000d+00	3.08000d+05	0.00000d+00	1.37300d+08	-3.56100d+06	-3.19000d+07	0.00000d+00	0.00000d+00	
3.44500d+01	7.57400d-01	1.22600d+01	2.49600d-01	8.11900d+00	9.16500d-01	
5.00000d-01	2.00000d-01	
!! cross-section property 80 (blade) (Voigt notation):
!! row1: cbeam
!! row2: cmass
3.68100d+06	3.95667d+07	4.79867d+08	7.80900d+07	1.22575d+07	2.31597d+06	0.00000d+00	0.00000d+00	0.00000d+00	1.21027d+06	4.93267d+05	0.00000d+00	0.00000d+00	0.00000d+00	2.57600d+05	0.00000d+00	4.65460d+07	-1.20465d+06	-1.11639d+07	0.00000d+00	0.00000d+00	
1.50800d+01	2.57254d-01	4.14915d+00	8.47180d-02	2.81227d+00	3.30140d-01	
5.00000d-01	2.00000d-01	
